"","RNEG-002.1","RNEG-002.2","RNEG-002.3","RNEG-002.4","RNEG-003.1","RNEG-003.2","RNEG-003.3","RNEG-006.1","RNEG-006.2","RNEG-009.1","RNEG-009.2","RNEG-009.3","RNEG-009.4","RNEG-011.1","RNEG-011.2","RNEG-011.3","RNEG-011.4","RNEG-016.1","RNEG-016.2","RNEG-020.1","RNEG-020.2","RNEG-020.3","RNEG-021.1","RNEG-021.2","RNEG-021.3","RNEG-022.1","RNEG-022.2","RNEG-022.3","RNEG-022.4","RNEG-022.5","RNEG-023.1","RNEG-023.2","RNEG-023.3","RNEG-023.4","RNEG-023.5","RNEG-024.1","RNEG-024.2","RNEG-024.3","RNEG-024.4","RNEG-027.1","RNEG-027.2","RNEG-027.3","RNEG-028.1","RNEG-028.2","RNEG-031.1","RNEG-031.2","RNEG-032.1","RNEG-032.2","RNEG-032.3","RNEG-033.1","RNEG-033.2","RNEG-035.1","RNEG-035.2","RNEG-035.3","RNEG-041.1","RNEG-041.2","RNEG-041.3","RNEG-043.1","RNEG-043.2","RNEG-043.3","RNEG-045.1","RNEG-045.2","RNEG-045.3","RNEG-048.1","RNEG-048.2","RNEG-048.3","RNEG-049.1","RNEG-049.2","RNEG-049.3","RNEG-049.4","RNEG-052.1","RNEG-052.2","RNEG-052.3","RNEG-054.1","RNEG-054.2","RNEG-054.3","RNEG-054.4","RNEG-059.1","RNEG-059.2","RNEG-059.3","RNEG-060.1","RNEG-060.2","RNEG-060.3","RNEG-063.1","RNEG-063.2","RNEG-063.3","RNEG-063.4","RNEG-065.1","RNEG-065.2","RNEG-068.1","RNEG-068.2","RNEG-069.1","RNEG-069.2","RNEG-069.3","RNEG-071.1","RNEG-071.2","RNEG-071.3","RNEG-071.4","RNEG-074.1","RNEG-074.2","RNEG-075.1","RNEG-075.2","RNEG-075.3","RNEG-078.1","RNEG-078.2","RNEG-079.1","RNEG-079.2","RNEG-080.1","RNEG-080.2","RNEG-080.3"
"../Converted/U_RNEG_mzML/ALZ_RNEG_ToF03_U4W11_LTR.mzML",195.05012512207,391.112701416016,180.030044555664,137.024261474609,153.017036910017,135.005950927734,109.027496337891,153.019393920898,109.027496337891,187.098388671875,209.080108642578,125.096099853516,97.0627822875977,204.067153930664,186.054916381836,158.060668945312,142.064315795898,135.032028198242,92.0252838134766,180.066619873047,248.053817749023,163.04020690918,131.033905029297,199.019989013672,87.0442199707031,187.073593139648,169.059371948242,145.059417724609,127.049354553223,125.070217132568,326.084289550781,675.161804199219,150.056137084961,175.024963378906,113.022956848145,218.103973388672,286.090362548828,146.082229614258,88.0394058227539,367.152960822977,435.13947281,96.9585456,137.024337768555,93.0332870483398,175.023651123047,157.014678955078,167.018905639648,357.029449462891,124.013526916504,243.060043334961,289.066192626953,193.035140991211,261.025024414062,113.022361755371,194.046890258789,150.056823730469,93.0340423583984,164.072082519531,232.057388305664,147.043182373047,308.098052978516,170.043411254883,87.00669488,151.027206420898,219.01123046875,108.01872253418,194.046676635742,150.053955078125,100.004409790039,93.0337600708008,283.067932128906,351.053192138672,151.026336669922,174.041961669922,242.023391723633,130.05012512207,114.016773223877,159.06494140625,115.073883056641,97.0626029968262,173.08283996582,195.064361572266,111.078468322754,181.05061340332,249.037994384766,137.052944175,122.033169475,165.055252075195,147.041297912598,308.075836181641,330.0550491,215.115615844727,131.081756591797,129.103393554688,191.019058227539,173.010131835938,111.009086608887,154.999771118164,192.065475463867,74.0228576660156,151.040512084961,219.024017333984,107.047775268555,137.02392578125,93.0337829589844,129.020095825195,85.0267715454102,173.010147094727,129.017402648926,85.0270385742188
"../Converted/U_RNEG_mzML/ALZ_RNEG_ToF03_U4W12_SR.mzML",195.05012512207,391.11181640625,180.02685546875,137.024032592773,153.017036910017,135.006866455078,109.027809143066,153.019912719727,109.028038024902,187.098358154297,209.079940795898,125.097091674805,97.0630874633789,204.066818237305,186.055374145508,158.058334350586,142.064193725586,135.031982421875,92.0241928100586,180.065994262695,248.051376342773,163.038299560547,131.035614013672,199.021667480469,87.0441360473633,187.073348999023,169.061431884766,145.061676025391,127.049407958984,125.069351196289,326.084289550781,675.157958984375,150.056625366211,175.025253295898,113.023406982422,218.103775024414,286.089233398438,146.080749511719,88.0403594970703,367.152960822977,435.13947281,96.9585456,137.025009155273,93.0332870483398,175.02375793457,157.0146484375,167.018905639648,357.027435302734,124.013534545898,243.061721801758,289.065185546875,193.035140991211,261.025024414062,113.0224609375,194.045974731445,150.05696105957,93.034423828125,164.071166992188,232.056762695312,147.043182373047,308.097778320312,170.043106079102,87.00669488,151.023888155697,219.009714805,108.01921081543,194.046234130859,150.055389404297,100.004249572754,93.0333633422852,283.067321777344,351.049896240234,151.025161743164,174.041229248047,242.026443481445,130.050735473633,114.016578674316,159.06494140625,115.073883056641,97.0626029968262,173.082611083984,195.064254760742,111.078384399414,181.0498046875,249.038024902344,137.053741455078,122.034072875977,165.053161621094,147.04118347168,308.077514648438,330.0550491,215.114364624023,131.082611083984,129.102416992188,191.019058227539,173.009567260742,111.009613037109,154.999237060547,192.066345214844,74.0228576660156,151.038627624512,219.023315429688,107.049125671387,137.023254394531,93.0337829589844,129.019775390625,85.0268363952637,173.009887695312,129.017402648926,85.0270385742188
"../Converted/U_RNEG_mzML/ALZ_RNEG_ToF03_U4W23_LTR.mzML",195.05012512207,391.11181640625,180.029174804688,137.023620605469,153.017036910017,135.005774883,109.028503417969,153.019821166992,109.028038024902,187.098129272461,209.079406738281,125.096733093262,97.0629692077637,204.066223144531,186.054748535156,158.058166503906,142.064010620117,135.032150268555,92.024658203125,180.066543579102,248.053527832031,163.040054321289,131.035247802734,199.020645141602,87.0441207885742,187.073455810547,169.059371948242,145.061004638672,127.050018310547,125.070217132568,326.084289550781,675.161193847656,150.055816650391,175.024642944336,113.024208068848,218.103637695312,286.091033935547,146.080169677734,88.0394058227539,367.152960822977,435.13947281,96.9585456,137.024398803711,93.0346450805664,175.022521972656,157.014617919922,167.018905639648,357.029113769531,124.014106750488,243.061416625977,289.062896728516,193.035140991211,261.025024414062,113.0224609375,194.046676635742,150.056915283203,93.0349349975586,164.071334838867,232.057968139648,147.043182373047,308.098419189453,170.043273925781,87.0090713500977,151.027038574219,219.011009216309,108.019020080566,194.046585083008,150.054092407227,100.003913879395,93.0348129272461,283.067230224609,351.053924560547,151.023864746094,174.041961669922,242.024337768555,130.048919677734,114.016773223877,159.06494140625,115.073883056641,97.0639801025391,173.082580566406,195.064361572266,111.078498840332,181.050186157227,249.035385131836,137.052944175,122.034492492676,165.055191040039,147.041137695312,308.077026367188,330.055145263672,215.113342285156,131.081039428711,129.103988647461,191.019058227539,173.010116577148,111.008827209473,154.999404907227,192.065231323242,74.0233535766602,151.040390014648,219.02311706543,107.047775268555,137.024383544922,93.0337829589844,129.019119262695,85.0282363891602,173.009658813477,129.017402648926,85.0270385742188
"../Converted/U_RNEG_mzML/ALZ_RNEG_ToF03_U4W24_SR.mzML",195.05012512207,391.111145019531,180.028076171875,137.023681640625,153.017036910017,135.006423950195,109.028167724609,153.019454956055,109.029350280762,187.098068237305,209.079788208008,125.097007751465,97.0632858276367,204.066970825195,186.054489135742,158.059432983398,142.064895629883,135.03190612793,92.0256652832031,180.065780639648,248.050476074219,163.039443969727,131.035049438477,199.020416259766,87.0440673828125,187.072555541992,169.060989379883,145.061813354492,127.051124572754,125.071342468262,326.084289550781,675.160400390625,150.056457519531,175.024398803711,113.023422241211,218.103591918945,286.08984375,146.081130981445,88.0406036376953,367.152960822977,435.13947281,96.9585456,137.024261474609,93.0349502563477,175.023498535156,157.014572143555,167.020889282227,357.029052734375,124.014068603516,243.059127807617,289.064666748047,193.035140991211,261.025024414062,113.0224609375,194.045974731445,150.056625366211,93.0346069335938,164.070785522461,232.057067871094,147.043182373047,308.09765625,170.043273925781,87.0084609985352,151.026489257812,219.011642456055,108.019897460938,194.04621887207,150.054962158203,100.004165649414,93.0345687866211,283.067230224609,351.052215576172,151.026412963867,174.041534423828,242.025985717773,130.051086425781,114.016773223877,159.06494140625,115.07347869873,97.0626029968262,173.082153320312,195.063583374023,111.079109191895,181.049209594727,249.03776550293,137.052944175,122.033169475,165.053695678711,147.041198730469,308.076354980469,330.0550491,215.112930297852,131.08137512207,129.104125976562,191.019058227539,173.009719848633,111.007667541504,154.999130249023,192.064956665039,74.0233154296875,151.040588378906,219.026306152344,107.047775268555,137.02278137207,93.0337829589844,129.018692016602,85.02672458,173.009307861328,129.017402648926,85.0270385742188
"../Converted/U_RNEG_mzML/ALZ_RNEG_ToF03_U4W35_LTR.mzML",195.05012512207,391.112121582031,180.029006958008,137.023727416992,153.017036910017,135.006622314453,109.02806854248,153.019653320312,109.028160095215,187.097640991211,209.079238891602,125.096389770508,97.0629692077637,204.066513061523,186.054351806641,158.058471679688,142.063568115234,135.031433105469,92.0236434936523,180.065643310547,248.050582885742,163.039733886719,131.035018920898,199.020477294922,87.0437088012695,187.072784423828,169.061279296875,145.060745239258,127.049156188965,125.071334838867,326.084289550781,675.160522460938,150.056442260742,175.024688720703,113.023307800293,218.103942871094,286.089935302734,146.082183837891,88.0407867431641,367.152960822977,435.13947281,96.9585456,137.024169921875,93.0333862304688,175.023422241211,157.013717651367,167.018905639648,357.029327392578,124.013511657715,243.061798095703,289.062774658203,193.035140991211,261.025024414062,113.0224609375,194.046371459961,150.056533813477,93.0347595214844,164.072052001953,232.057723999023,147.043182373047,308.097595214844,170.043975830078,87.0074081420898,151.026657104492,219.01335144043,108.018501281738,194.04606628418,150.055908203125,100.003524780273,93.0344924926758,283.066101074219,351.051483154297,151.026550292969,174.041427612305,242.026565551758,130.050827026367,114.016773223877,159.06494140625,115.073883056641,97.0626029968262,173.082122802734,195.064163208008,111.078498840332,181.049194335938,249.037399291992,137.052944175,122.033169475,165.055450439453,147.041297912598,308.075592041016,330.0550491,215.112167358398,131.082565307617,129.103012084961,191.019058227539,173.009567260742,111.008155822754,154.998947143555,192.066635131836,74.0231552124023,151.040252685547,219.023681640625,107.047775268555,137.023651123047,93.03260449,129.01953125,85.0268363952637,173.009643554688,129.017402648926,85.0270385742188
"../Converted/U_RNEG_mzML/ALZ_RNEG_ToF03_U4W36_SR.mzML",195.05012512207,391.111999511719,180.029678344727,137.023803710938,153.017036910017,135.00830078125,109.027969360352,153.020111083984,109.028038024902,187.098098754883,209.079620361328,125.097434997559,97.0629692077637,204.067245483398,186.055770874023,158.059280395508,142.063690185547,135.032073974609,92.0256652832031,180.066375732422,248.05126953125,163.040435791016,131.035385131836,199.017044067383,87.0440521240234,187.073013305664,169.058456420898,145.061721801758,127.051078796387,125.070217132568,326.084289550781,675.161926269531,150.055816650391,175.024642944336,113.022735595703,218.103805541992,286.090026855469,146.080535888672,88.0387496948242,367.152960822977,435.13947281,96.9585456,137.024856567383,93.034294128418,175.023880004883,157.014373779297,167.018905639648,357.027954101562,124.014923095703,243.059844970703,289.065277099609,193.036117553711,261.025024414062,113.023078918457,194.045974731445,150.05696105957,93.0336761474609,164.071838378906,232.056976318359,147.043182373047,308.09765625,170.043731689453,87.00669488,151.023888155697,219.012496948242,108.020767211914,194.046173095703,150.055953979492,100.004547119141,93.0333633422852,283.067199707031,351.05419921875,151.026824951172,174.041564941406,242.027725219727,130.051177978516,114.016773223877,159.06494140625,115.073883056641,97.0626029968262,173.082443237305,195.062255859375,111.078498840332,181.048568725586,249.036056518555,137.052944175,122.033169475,165.054611206055,147.041297912598,308.076904296875,330.055694580078,215.113174438477,131.082870483398,129.103988647461,191.019058227539,173.009796142578,111.009788513184,154.999420166016,192.065841674805,74.0228576660156,151.040405273438,219.023040771484,107.047775268555,137.024307250977,93.0337829589844,129.02001953125,85.0268363952637,173.009887695312,129.017402648926,85.0278244018555
"../Converted/U_RNEG_mzML/ALZ_RNEG_ToF03_U4W47_LTR.mzML",195.05012512207,391.111419677734,180.029403686523,137.023254394531,153.017036910017,135.00666809082,109.028472900391,153.020080566406,109.029495239258,187.098281860352,209.079528808594,125.097373962402,97.0629692077637,204.067031860352,186.054473876953,158.057907104492,142.063430786133,135.03205871582,92.0247497558594,180.066421508789,248.052749633789,163.040054321289,131.035751342773,199.020431518555,87.0448989868164,187.072723388672,169.059371948242,145.058975219727,127.051933288574,125.070217132568,326.084289550781,675.161499023438,150.056533813477,175.024871826172,113.022941589355,218.103454589844,286.090118408203,146.081893920898,88.0394058227539,367.152960822977,435.13947281,96.9585456,137.022689819336,93.0339508056641,175.022888183594,157.013931274414,167.018905639648,357.028533935547,124.014144897461,243.06169128418,289.06298828125,193.035140991211,261.025024414062,113.02230464,194.046401977539,150.056671142578,93.0337181091309,164.0712890625,232.056991577148,147.043182373047,308.097930908203,170.043609619141,87.00669488,151.027053833008,219.012634277344,108.020202636719,194.046234130859,150.056060791016,100.00464630127,93.0342483520508,283.067077636719,351.052520751953,151.026107788086,174.041290283203,242.023376464844,130.050415039062,114.016773223877,159.06494140625,115.073883056641,97.0633544921875,173.082565307617,195.064193725586,111.079170227051,181.050277709961,249.036346435547,137.052944175,122.033169475,165.0556640625,147.041290283203,308.073394775391,330.0550491,215.114898681641,131.080810546875,129.103775024414,191.019058227539,173.009796142578,111.008888244629,154.999221801758,192.066619873047,74.0228576660156,151.040267944336,219.023193359375,107.047775268555,137.023300170898,93.0337829589844,129.019943237305,85.0268363952637,173.009857177734,129.017402648926,85.0270385742188
"../Converted/U_RNEG_mzML/ALZ_RNEG_ToF03_U4W48_SR.mzML",195.05012512207,391.112457275391,180.02978515625,137.023986816406,153.017036910017,135.006072998047,109.02806854248,153.019821166992,109.028038024902,187.098022460938,209.079895019531,125.097373962402,97.0629692077637,204.067291259766,186.054779052734,158.060546875,142.065948486328,135.032440185547,92.024658203125,180.066482543945,248.05158996582,163.040344238281,131.035675048828,199.019271850586,87.0451507568359,187.073348999023,169.059371948242,145.062255859375,127.05199432373,125.070217132568,326.084289550781,675.157043457031,150.056854248047,175.024490356445,113.022956848145,218.103759765625,286.089233398438,146.080581665039,88.0394058227539,367.154479980469,435.13947281,96.9585456,137.025146484375,93.0332870483398,175.02424621582,157.013900756836,167.018905639648,357.029602050781,124.013961791992,243.060317993164,289.06298828125,193.035140991211,261.025024414062,113.0224609375,194.045974731445,150.057266235352,93.0337181091309,164.071685791016,232.058151245117,147.043182373047,308.099029541016,170.044372558594,87.00669488,151.023888155697,219.011009216309,108.018417358398,194.046752929688,150.054489135742,100.004585266113,93.0327301025391,283.0673828125,351.054412841797,151.027130126953,174.041778564453,242.026763916016,130.05158996582,114.016773223877,159.06494140625,115.073883056641,97.0626029968262,173.082611083984,195.062683105469,111.078575134277,181.048629760742,249.037979125977,137.052944175,122.033317565918,165.055572509766,147.042083740234,308.077117919922,330.0550491,215.114028930664,131.080139160156,129.10302734375,191.019058227539,173.010101318359,111.009437561035,154.999603271484,192.06689453125,74.0228576660156,151.036911010742,219.024673461914,107.047775268555,137.024642944336,93.0337829589844,129.020095825195,85.0268363952637,173.010177612305,129.017402648926,85.0270385742188
"../Converted/U_RNEG_mzML/ALZ_RNEG_ToF03_U4W59_LTR.mzML",195.05012512207,391.111907958984,180.029708862305,137.023773193359,153.017036910017,135.006607055664,109.028930664062,153.020248413086,109.028038024902,187.098754882812,209.079330444336,125.097816467285,97.0629692077637,204.066390991211,186.054779052734,158.059112548828,142.065307617188,135.031860351562,92.024658203125,180.066833496094,248.052444458008,163.041061401367,131.035308837891,199.022155761719,87.0455932617188,187.073272705078,169.059371948242,145.06184387207,127.04956817627,125.070217132568,326.084289550781,675.157592773438,150.056930541992,175.025421142578,113.022346496582,218.103637695312,286.089691162109,146.082702636719,88.0403594970703,367.152960822977,435.13947281,96.9585456,137.024353027344,93.0332870483398,175.022979736328,157.013717651367,167.018905639648,357.029846191406,124.01439666748,243.059112548828,289.066192626953,193.035140991211,261.025024414062,113.0224609375,194.046691894531,150.056900024414,93.0337181091309,164.071060180664,232.057067871094,147.043182373047,308.098602294922,170.043380737305,87.00669488,151.027114868164,219.013717651367,108.019798278809,194.046859741211,150.05534362793,100.004554748535,93.0333633422852,283.064544677734,351.053100585938,151.026412963867,174.042037963867,242.025573730469,130.048049926758,114.016773223877,159.06494140625,115.073883056641,97.06254404,173.082885742188,195.063903808594,111.080772399902,181.04753112793,249.034210205078,137.052993774414,122.034446716309,165.055404663086,147.04280090332,308.076202392578,330.057312011719,215.11491394043,131.081649780273,129.103363037109,191.019058227539,173.010147094727,111.009269714355,154.999389648438,192.066986083984,74.0228576660156,151.038627624512,219.023010253906,107.047775268555,137.024002075195,93.0337829589844,129.020050048828,85.0268363952637,173.009979248047,129.017402648926,85.0270385742188
"../Converted/U_RNEG_mzML/ALZ_RNEG_ToF03_U4W60_SR.mzML",195.05012512207,391.111602783203,180.029663085938,137.023941040039,153.017036910017,135.005783081055,109.028755187988,153.019622802734,109.028038024902,187.098358154297,209.079528808594,125.098083496094,97.0629692077637,204.067001342773,186.054626464844,158.05908203125,142.066558837891,135.032028198242,92.025260925293,180.065963745117,248.051620483398,163.039840698242,131.035095214844,199.017807006836,87.0448379516602,187.073135375977,169.059371948242,145.061508178711,127.049606323242,125.070217132568,326.084289550781,675.158508300781,150.056381225586,175.025009155273,113.023452758789,218.103775024414,286.090606689453,146.082656860352,88.0394058227539,367.159149169922,435.13947281,96.9585456,137.025405883789,93.0332870483398,175.02375793457,157.014221191406,167.018905639648,357.029663085938,124.014183044434,243.060836791992,289.064025878906,193.035995483398,261.025024414062,113.0224609375,194.045974731445,150.056915283203,93.0337181091309,164.071990966797,232.058013916016,147.043182373047,308.097991943359,170.042724609375,87.00669488,151.023888155697,219.01123046875,108.019588470459,194.046768188477,150.056503295898,100.004554748535,93.03260449,283.067352294922,351.053405761719,151.023941040039,174.04150390625,242.024002075195,130.050674438477,114.016773223877,159.06494140625,115.073883056641,97.0626029968262,173.082672119141,195.062911987305,111.078498840332,181.047378540039,249.037933349609,137.053375244141,122.033169475,165.053482055664,147.041297912598,308.076812744141,330.0550491,215.112075805664,131.081100463867,129.103546142578,191.019058227539,173.009735107422,111.008422851562,154.999298095703,192.066604614258,74.0236053466797,151.03971862793,219.022903442383,107.047775268555,137.022857666016,93.0351867675781,129.019638061523,85.0268363952637,173.010070800781,129.017402648926,85.0270385742188
"../Converted/U_RNEG_mzML/ALZ_RNEG_ToF03_U4W71_LTR.mzML",195.05012512207,391.111419677734,180.029357910156,137.023880004883,153.017036910017,135.006484985352,109.028244018555,153.020355224609,109.027969360352,187.09846496582,209.080078125,125.096527099609,97.0640869140625,204.066955566406,186.054763793945,158.058029174805,142.063537597656,135.031845092773,92.024658203125,180.066787719727,248.050521850586,163.039505004883,131.035491943359,199.021636962891,87.0451889038086,187.072967529297,169.058837890625,145.060836791992,127.049247741699,125.072212219238,326.084289550781,675.158935546875,150.056350708008,175.024490356445,113.023109436035,218.104019165039,286.088745117188,146.082153320312,88.0394058227539,367.152960822977,435.13947281,96.9585456,137.0244140625,93.0332870483398,175.023651123047,157.014190673828,167.018905639648,357.030517578125,124.015632629395,243.061874389648,289.065093994141,193.035140991211,261.025024414062,113.02230464,194.046661376953,150.056701660156,93.0330505371094,164.070663452148,232.056762695312,147.043182373047,308.097045898438,170.042510986328,87.0080642700195,151.026779174805,219.011901855469,108.019920349121,194.046798706055,150.055679321289,100.00463104248,93.0333633422852,283.066131591797,351.054290771484,151.024765014648,174.041519165039,242.026016235352,130.051208496094,114.016639709473,159.06494140625,115.073883056641,97.0626029968262,173.082885742188,195.063934326172,111.078498840332,181.047317504883,249.037689208984,137.053085327148,122.033169475,165.055557250977,147.041297912598,308.075653076172,330.0550491,215.112594604492,131.082763671875,129.102233886719,191.019058227539,173.009841918945,111.008071899414,154.999114990234,192.065444946289,74.02294921875,151.038627624512,219.022857666016,107.048072814941,137.023910522461,93.0337829589844,129.019866943359,85.0268363952637,173.010040283203,129.017402648926,85.02672458
"../Converted/U_RNEG_mzML/ALZ_RNEG_ToF03_U4W72_SR.mzML",195.05012512207,391.112213134766,180.029067993164,137.023880004883,153.017036910017,135.006866455078,109.029197692871,153.019714355469,109.028038024902,187.098266601562,209.079788208008,125.09741973877,97.0629692077637,204.066879272461,186.056549072266,158.059448242188,142.063095092773,135.032302856445,92.024658203125,180.066360473633,248.053527832031,163.038284301758,131.03515625,199.021011352539,87.0454177856445,187.073425292969,169.059371948242,145.061904907227,127.052017211914,125.070217132568,326.084289550781,675.159973144531,150.056884765625,175.024795532227,113.023811340332,218.104034423828,286.090362548828,146.081558227539,88.0394058227539,367.158630371094,435.13947281,96.9585456,137.024826049805,93.0332870483398,175.024047851562,157.011688232422,167.021011352539,357.028564453125,124.015716552734,243.058959960938,289.064880371094,193.035140991211,261.025024414062,113.0224609375,194.045974731445,150.057083129883,93.03260449,164.06999206543,232.056686401367,147.043182373047,308.098297119141,170.04296875,87.00669488,151.023888155697,219.011009216309,108.019588470459,194.046752929688,150.055526733398,100.003845214844,93.0333633422852,283.067077636719,351.053436279297,151.027160644531,174.042282104492,242.025466918945,130.05012512207,114.016773223877,159.06494140625,115.073883056641,97.0630340576172,173.082565307617,195.062911987305,111.078498840332,181.048522949219,249.035781860352,137.05387878418,122.033378601074,165.055313110352,147.041229248047,308.077331542969,330.0550491,215.113204956055,131.080154418945,129.10334777832,191.019058227539,173.010040283203,111.010040283203,154.999572753906,192.065002441406,74.024284362793,151.038627624512,219.023590087891,107.047775268555,137.024154663086,93.0337829589844,129.020172119141,85.0268363952637,173.009307861328,129.017402648926,85.0270385742188
"../Converted/U_RNEG_mzML/ALZ_RNEG_ToF03_U4W83_LTR.mzML",195.05012512207,391.111663818359,180.029846191406,137.023986816406,153.017036910017,135.007019042969,109.028518676758,153.019805908203,109.029350280762,187.098342895508,209.080154418945,125.097534179688,97.0641708374023,204.0673828125,186.055130004883,158.057632446289,142.063568115234,135.032257080078,92.024658203125,180.064895629883,248.051513671875,163.037704467773,131.035507202148,199.022064208984,87.0456848144531,187.073165893555,169.059371948242,145.061050415039,127.04914855957,125.070217132568,326.084289550781,675.157775878906,150.057006835938,175.024398803711,113.022331237793,218.104049682617,286.090759277344,146.081756591797,88.0394058227539,367.152960822977,435.13947281,96.9585456,137.02507019043,93.0337753295898,175.023666381836,157.014495849609,167.018905639648,357.028900146484,124.014030456543,243.0595703125,289.063720703125,193.035140991211,261.025024414062,113.0224609375,194.047088623047,150.057022094727,93.0337181091309,164.070907592773,232.058303833008,147.043182373047,308.096405029297,170.042633056641,87.007194519043,151.027084350586,219.012100219727,108.019165039062,194.046859741211,150.054489135742,100.004356384277,93.0333633422852,283.067535400391,351.050354003906,151.026382446289,174.041717529297,242.027313232422,130.048416137695,114.016479492188,159.06494140625,115.073883056641,97.0626029968262,173.082702636719,195.064193725586,111.078498840332,181.050079345703,249.037704467773,137.052944175,122.033169475,165.055740356445,147.041297912598,308.075347900391,330.0550491,215.115570068359,131.081039428711,129.102111816406,191.019058227539,173.009582519531,111.009346008301,154.999420166016,192.067260742188,74.0228576660156,151.038627624512,219.022766113281,107.047775268555,137.023696899414,93.0337829589844,129.020263671875,85.0268363952637,173.010055541992,129.017402648926,85.0270385742188
"../Converted/U_RNEG_mzML/ALZ_RNEG_ToF03_U4W84_SR.mzML",195.05012512207,391.111907958984,180.029327392578,137.024139404297,153.017036910017,135.007965087891,109.028274536133,153.019775390625,109.028038024902,187.09831237793,209.079818725586,125.095550537109,97.0629692077637,204.067596435547,186.056060791016,158.061416625977,142.06608581543,135.032073974609,92.0254898071289,180.065856933594,248.05029296875,163.03759765625,131.035507202148,199.020904541016,87.0443420410156,187.073226928711,169.057601928711,145.058898925781,127.050514221191,125.069198608398,326.084289550781,675.161926269531,150.056289672852,175.024383544922,113.022956848145,218.103713989258,286.090148925781,146.081314086914,88.0394058227539,367.155822753906,435.13947281,96.9585456,137.024810791016,93.0332870483398,175.023666381836,157.014602661133,167.018905639648,357.029113769531,124.01335144043,243.059234619141,289.063140869141,193.035140991211,261.025024414062,113.0224609375,194.045974731445,150.056854248047,93.0345764160156,164.07209777832,232.058135986328,147.043182373047,308.097869873047,170.042694091797,87.00669488,151.023888155697,219.009714805,108.019195556641,194.046096801758,150.056045532227,100.00439453125,93.03260449,283.067718505859,351.053558349609,151.027008056641,174.041915893555,242.024765014648,130.05012512207,114.016990661621,159.06494140625,115.073883056641,97.0626029968262,173.082901000977,195.064270019531,111.078994750977,181.048538208008,249.035491943359,137.05339050293,122.033169475,165.054443359375,147.041297912598,308.075561523438,330.0550491,215.113845825195,131.081085205078,129.102645874023,191.019058227539,173.010162353516,111.00984954834,154.99951171875,192.065490722656,74.0228576660156,151.038627624512,219.024230957031,107.047775268555,137.023956298828,93.0350570678711,129.019561767578,85.0268363952637,173.009918212891,129.017402648926,85.0270385742188
"../Converted/U_RNEG_mzML/ALZ_RNEG_ToF03_U4W95_LTR.mzML",195.05012512207,391.111572265625,180.029495239258,137.024078369141,153.017036910017,135.006530761719,109.028060913086,153.019775390625,109.028038024902,187.098159790039,209.080062866211,125.095764160156,97.0629692077637,204.067153930664,186.054748535156,158.058975219727,142.063323974609,135.032119750977,92.0243072509766,180.066787719727,248.050537109375,163.038070678711,131.035461425781,199.019393920898,87.0448379516602,187.072967529297,169.059371948242,145.059524536133,127.05152130127,125.070217132568,326.084289550781,675.156127929688,150.056503295898,175.025207519531,113.022674560547,218.104187011719,286.091003417969,146.081497192383,88.0394058227539,367.152960822977,435.13947281,96.9585456,137.024795532227,93.0329971313477,175.024230957031,157.014389038086,167.018905639648,357.030731201172,124.014915466309,243.059936523438,289.062805175781,193.035140991211,261.025024414062,113.0224609375,194.046463012695,150.056930541992,93.0337181091309,164.072219848633,232.057067871094,147.043182373047,308.09814453125,170.046264648438,87.00669488,151.027069091797,219.014022827148,108.020210266113,194.046966552734,150.054489135742,100.004844665527,93.0333633422852,283.06689453125,351.052337646484,151.025146484375,174.041625976562,242.025436401367,130.050903320312,114.016773223877,159.06494140625,115.073883056641,97.0626029968262,173.082565307617,195.064224243164,111.078498840332,181.049530029297,249.03776550293,137.052944175,122.033169475,165.055587768555,147.041198730469,308.074462890625,330.0550491,215.115676879883,131.081130981445,129.104064941406,191.019058227539,173.009902954102,111.008277893066,154.999526977539,192.065338134766,74.0225896445,151.038627624512,219.024078369141,107.047775268555,137.022537231445,93.0338287353516,129.019790649414,85.0268363952637,173.010116577148,129.017402648926,85.0270385742188
"../Converted/U_RNEG_mzML/ALZ_RNEG_ToF03_U4W96_SR.mzML",195.05012512207,391.111999511719,180.029312133789,137.024017333984,153.017036910017,135.006774902344,109.028526306152,153.019805908203,109.029472351074,187.098480224609,209.079849243164,125.097732543945,97.0629692077637,204.067352294922,186.054214477539,158.060272216797,142.06396484375,135.03239440918,92.024658203125,180.066436767578,248.051467895508,163.03889465332,131.035766601562,199.02165222168,87.0446395874023,187.073516845703,169.059371948242,145.059036254883,127.051368713379,125.071006774902,326.084289550781,675.16357421875,150.056823730469,175.025253295898,113.02433013916,218.104080200195,286.09033203125,146.081451416016,88.0394058227539,367.158172607422,435.13947281,96.9585456,137.024795532227,93.0347290039062,175.024749755859,157.014572143555,167.018905639648,357.029724121094,124.014762878418,243.061569213867,289.064117431641,193.035140991211,261.025024414062,113.0224609375,194.045974731445,150.057174682617,93.0337181091309,164.07194519043,232.056625366211,147.043182373047,308.097686767578,170.04411315918,87.0071716308594,151.023888155697,219.009714805,108.020805358887,194.046463012695,150.055572509766,100.003234863281,93.0342712402344,283.067687988281,351.054595947266,151.027008056641,174.041885375977,242.026733398438,130.05012512207,114.016773223877,159.06494140625,115.073883056641,97.0626029968262,173.082580566406,195.063659667969,111.078498840332,181.049819946289,249.036575317383,137.053375244141,122.034484863281,165.054962158203,147.044448852539,308.075836181641,330.0550491,215.114883422852,131.081115722656,129.103958129883,191.019058227539,173.009872436523,111.00959777832,154.999359130859,192.066757202148,74.0228576660156,151.040435791016,219.026062011719,107.047775268555,137.023803710938,93.0344009399414,129.018600463867,85.0268363952637,173.010269165039,129.017402648926,85.0270385742188
"../Converted/U_RNEG_mzML/ALZ_RNEG_ToF03_U6W11_LTR.mzML",195.05012512207,391.111358642578,180.029449462891,137.023544311523,153.017036910017,135.007019042969,109.027364565,153.019287109375,109.02897644043,187.098419189453,209.079971313477,125.095443725586,97.0626602172852,204.065673828125,186.054977416992,158.059020996094,142.063278198242,135.031753540039,92.0246276855469,180.066146850586,248.052795410156,163.038436889648,131.035308837891,199.017211914062,87.0437698364258,187.073257446289,169.059371948242,145.061965942383,127.050094604492,125.070217132568,326.084289550781,675.159545898438,150.056564331055,175.025085449219,113.02400970459,218.10383605957,286.088989257812,146.080383300781,88.0394058227539,367.152960822977,435.13947281,96.9585456,137.023788452148,93.0330810546875,175.022811889648,157.012741088867,167.018905639648,357.028594970703,124.013999938965,243.059509277344,289.064056396484,193.035140991211,261.025024414062,113.0224609375,194.046325683594,150.056701660156,93.0343399047852,164.071090698242,232.057403564453,147.043182373047,308.097503662109,170.042541503906,87.00669488,151.026641845703,219.011337280273,108.019271850586,194.046615600586,150.05615234375,100.003921508789,93.0348510742188,283.066711425781,351.052368164062,151.024444580078,174.041534423828,242.027801513672,130.05012512207,114.016487121582,159.06494140625,115.073883056641,97.06254404,173.082397460938,195.064056396484,111.078498840332,181.049957275391,249.036209106445,137.052944175,122.033169475,165.054763793945,147.041297912598,308.075469970703,330.0550491,215.113220214844,131.080963134766,129.103118896484,191.019058227539,173.009918212891,111.009155273438,154.999481201172,192.065338134766,74.0228576660156,151.040435791016,219.025207519531,107.047775268555,137.024490356445,93.0337829589844,129.019729614258,85.0268363952637,173.009719848633,129.017402648926,85.0292282104492
"../Converted/U_RNEG_mzML/ALZ_RNEG_ToF03_U6W12_SR.mzML",195.05012512207,391.111938476562,180.029693603516,137.023101806641,153.017036910017,135.005798339844,109.027366638184,153.01985168457,109.027481079102,187.098754882812,209.079879760742,125.096885681152,97.0629692077637,204.067123413086,186.056228637695,158.058944702148,142.063568115234,135.032455444336,92.024658203125,180.066116333008,248.05305480957,163.0380859375,131.035293579102,199.017623901367,87.0446624755859,187.073272705078,169.059371948242,145.06071472168,127.051856994629,125.070217132568,326.084289550781,675.1591796875,150.056411743164,175.025253295898,113.023498535156,218.103515625,286.090728759766,146.080764770508,88.0397644042969,367.158660888672,435.13947281,96.9585456,137.024780273438,93.0332870483398,175.022415161133,157.014617919922,167.018905639648,357.028411865234,124.013893127441,243.0595703125,289.063598632812,193.035140991211,261.025024414062,113.0224609375,194.045974731445,150.056716918945,93.0337181091309,164.071228027344,232.058532714844,147.043182373047,308.097625732422,170.04280090332,87.00669488,151.026489257812,219.009714805,108.020576477051,194.046325683594,150.054489135742,100.004364013672,93.034797668457,283.064697265625,351.053955078125,151.026519775391,174.041854858398,242.024520874023,130.050201416016,114.016773223877,159.06494140625,115.073883056641,97.0626029968262,173.082824707031,195.064331054688,111.078498840332,181.049224853516,249.036682128906,137.052944175,122.035820007324,165.055374145508,147.041297912598,308.075805664062,330.059539794922,215.11506652832,131.082809448242,129.10400390625,191.019058227539,173.009704589844,111.009620666504,154.999435424805,192.066711425781,74.0228576660156,151.040283203125,219.024490356445,107.047958374023,137.023376464844,93.0337829589844,129.020095825195,85.0268363952637,173.01008605957,129.017402648926,85.0270385742188
"../Converted/U_RNEG_mzML/ALZ_RNEG_ToF03_U6W23_LTR.mzML",195.05012512207,391.112030029297,180.029144287109,137.023864746094,153.017036910017,135.007385253906,109.027549743652,153.019638061523,109.028038024902,187.098251342773,209.080032348633,125.096412658691,97.0629692077637,204.066543579102,186.054382324219,158.058517456055,142.063522338867,135.029586791992,92.024658203125,180.065902709961,248.053329467773,163.038024902344,131.035537719727,199.021255493164,87.043830871582,187.072937011719,169.058837890625,145.060646057129,127.050361633301,125.070217132568,326.084289550781,675.160827636719,150.056121826172,175.023986816406,113.022636413574,218.103973388672,286.089965820312,146.080230712891,88.0394058227539,367.152960822977,435.13947281,96.9585456,137.024810791016,93.0337295532227,175.022598266602,157.013366699219,167.018905639648,357.028686523438,124.01490020752,243.060363769531,289.06298828125,193.035140991211,261.025024414062,113.0224609375,194.046524047852,150.056686401367,93.0337181091309,164.071533203125,232.057067871094,147.043182373047,308.098114013672,170.04264831543,87.007453918457,151.026748657227,219.011856079102,108.019065856934,194.046844482422,150.055862426758,100.004173278809,93.033561706543,283.066497802734,351.052520751953,151.026748657227,174.041458129883,242.024765014648,130.05012512207,114.016773223877,159.06494140625,115.073883056641,97.0626029968262,173.082595825195,195.064346313477,111.080001831055,181.048767089844,249.037734985352,137.052944175,122.034004211426,165.055572509766,147.041297912598,308.076873779297,330.0550491,215.112243652344,131.081085205078,129.104202270508,191.019058227539,173.009796142578,111.009536743164,154.999267578125,192.065856933594,74.023567199707,151.040145874023,219.026947021484,107.047775268555,137.022201538086,93.0337829589844,129.019561767578,85.0268363952637,173.008514404297,129.017402648926,85.0270385742188
"../Converted/U_RNEG_mzML/ALZ_RNEG_ToF03_U6W24_SR.mzML",195.05012512207,391.111663818359,180.029235839844,137.024276733398,153.017036910017,135.006500244141,109.027364565,153.019790649414,109.027763366699,187.098342895508,209.079666137695,125.0966796875,97.0629692077637,204.067337036133,186.054794311523,158.058044433594,142.063568115234,135.032302856445,92.024658203125,180.06640625,248.053176879883,163.0380859375,131.035873413086,199.019332885742,87.0448760986328,187.073638916016,169.059371948242,145.062240600586,127.049240112305,125.070236206055,326.084289550781,675.156982421875,150.056701660156,175.025360107422,113.0234375,218.103759765625,286.089599609375,146.081954956055,88.0394058227539,367.157379150391,435.13947281,96.9585456,137.025146484375,93.0334091186523,175.024703979492,157.012939453125,167.018905639648,357.029571533203,124.015396118164,243.058898925781,289.064025878906,193.035140991211,261.025024414062,113.02230464,194.045974731445,150.057037353516,93.0337181091309,164.07145690918,232.058090209961,147.044479370117,308.097961425781,170.042495727539,87.00669488,151.023888155697,219.011009216309,108.02027130127,194.046508789062,150.055480957031,100.004585266113,93.0333633422852,283.067779541016,351.052673339844,151.026458740234,174.042205810547,242.027694702148,130.05012512207,114.016773223877,159.06494140625,115.073883056641,97.0626029968262,173.082427978516,195.063949584961,111.078498840332,181.048248291016,249.037094116211,137.052944175,122.033169475,165.054458618164,147.041297912598,308.076446533203,330.057342529297,215.11296081543,131.081085205078,129.103225708008,191.019058227539,173.010208129883,111.008544921875,154.999938964844,192.066940307617,74.0228576660156,151.037734985352,219.023300170898,107.047775268555,137.022811889648,93.0337829589844,129.018920898438,85.0282211303711,173.009658813477,129.017402648926,85.0270385742188
"../Converted/U_RNEG_mzML/ALZ_RNEG_ToF03_U6W35_LTR.mzML",195.05012512207,391.111694335938,180.029739379883,137.024002075195,153.017036910017,135.005783081055,109.02904510498,153.020126342773,109.028839111328,187.098495483398,209.080047607422,125.096221923828,97.0629692077637,204.066329956055,186.055099487305,158.061401367188,142.063705444336,135.032211303711,92.024658203125,180.0654296875,248.050796508789,163.03971862793,131.035552978516,199.019393920898,87.0445022583008,187.073165893555,169.059921264648,145.061996459961,127.051765441895,125.070217132568,326.084289550781,675.16064453125,150.056594848633,175.02458190918,113.023300170898,218.104049682617,286.090484619141,146.081970214844,88.0408096313477,367.152960822977,435.13947281,96.9585456,137.024429321289,93.0332870483398,175.022811889648,157.013534545898,167.018905639648,357.030609130859,124.015846252441,243.059768676758,289.064117431641,193.035140991211,261.025024414062,113.0224609375,194.04655456543,150.056213378906,93.034553527832,164.072204589844,232.056610107422,147.043731689453,308.096618652344,170.04248046875,87.00669488,151.027221679688,219.012832641602,108.020553588867,194.046829223633,150.054489135742,100.002975463867,93.0333633422852,283.066680908203,351.051574707031,151.023803710938,174.041595458984,242.025497436523,130.049652099609,114.016380310059,159.06494140625,115.073883056641,97.0626029968262,173.082763671875,195.064498901367,111.078498840332,181.049545288086,249.035461425781,137.052944175,122.033169475,165.055770874023,147.041297912598,308.076629638672,330.0550491,215.113235473633,131.081085205078,129.104385375977,191.019058227539,173.009735107422,111.007743835449,154.999359130859,192.066818237305,74.0226821899414,151.03987121582,219.023101806641,107.047515869141,137.024642944336,93.0337829589844,129.01953125,85.0268363952637,173.009674072266,129.017402648926,85.0270385742188
"../Converted/U_RNEG_mzML/ALZ_RNEG_ToF03_U6W36_SR.mzML",195.05012512207,391.111846923828,180.029296875,137.024200439453,153.017036910017,135.006484985352,109.028999328613,153.020095825195,109.027465820312,187.0986328125,209.080062866211,125.097610473633,97.0629692077637,204.066207885742,186.054428100586,158.058471679688,142.063568115234,135.032424926758,92.0246734619141,180.066268920898,248.050491333008,163.038665771484,131.035827636719,199.020706176758,87.0440902709961,187.07356262207,169.058624267578,145.06005859375,127.051879882812,125.070217132568,326.084289550781,675.15869140625,150.056991577148,175.021957397461,113.023216247559,218.10400390625,286.090484619141,146.082061767578,88.0394058227539,367.152960822977,435.13947281,96.9585456,137.025436401367,93.0332870483398,175.023635864258,157.01399230957,167.018905639648,357.029113769531,124.013572692871,243.061798095703,289.064422607422,193.035140991211,261.025024414062,113.0224609375,194.045974731445,150.056900024414,93.0337181091309,164.07209777832,232.056564331055,147.043334960938,308.097961425781,170.044708251953,87.00669488,151.023888155697,219.009714805,108.019844055176,194.046737670898,150.053436279297,100.004859924316,93.0333633422852,283.067230224609,351.054168701172,151.026443481445,174.04150390625,242.026824951172,130.05012512207,114.016773223877,159.06494140625,115.073883056641,97.0626029968262,173.082702636719,195.063323974609,111.078399658203,181.049407958984,249.036117553711,137.053024291992,122.033169475,165.055755615234,147.041297912598,308.07763671875,330.0550491,215.112991333008,131.081085205078,129.10432434082,191.019058227539,173.00993347168,111.008193969727,154.999389648438,192.066848754883,74.0228576660156,151.040863037109,219.027603149414,107.047775268555,137.023788452148,93.0336837768555,129.017349243164,85.0268363952637,173.00959777832,129.017402648926,85.0270385742188
"../Converted/U_RNEG_mzML/ALZ_RNEG_ToF03_U6W47_LTR.mzML",195.05012512207,391.111968994141,180.029357910156,137.024047851562,153.017036910017,135.006164550781,109.027381896973,153.02033996582,109.028038024902,187.098266601562,209.079788208008,125.09619140625,97.0626678466797,204.067230224609,186.0546875,158.0595703125,142.063140869141,135.032180786133,92.024658203125,180.066009521484,248.05029296875,163.040954589844,131.035614013672,199.021835327148,87.0453872680664,187.073516845703,169.059371948242,145.060699462891,127.050094604492,125.070217132568,326.084289550781,675.159973144531,150.056930541992,175.024703979492,113.022438049316,218.103668212891,286.090057373047,146.081512451172,88.0394058227539,367.152960822977,435.13947281,96.9585456,137.024154663086,93.0332870483398,175.023803710938,157.013259887695,167.018905639648,357.030548095703,124.015533447266,243.061492919922,289.065856933594,193.035140991211,261.025024414062,113.0224609375,194.046768188477,150.057006835938,93.0337181091309,164.07194519043,232.057037353516,147.043182373047,308.097625732422,170.043991088867,87.00669488,151.027084350586,219.013000488281,108.020690917969,194.046325683594,150.056549072266,100.003440856934,93.0333633422852,283.067352294922,351.053802490234,151.02473449707,174.041931152344,242.026901245117,130.050903320312,114.016773223877,159.06494140625,115.073883056641,97.0626029968262,173.082794189453,195.064315795898,111.078498840332,181.050491333008,249.037490844727,137.052944175,122.033169475,165.05517578125,147.042465209961,308.073303222656,330.0550491,215.114181518555,131.082870483398,129.102142333984,191.019058227539,173.010040283203,111.008544921875,154.999649047852,192.066314697266,74.0233001708984,151.038627624512,219.022994995117,107.049293518066,137.024795532227,93.0337829589844,129.019927978516,85.0268363952637,173.009826660156,129.017402648926,85.0270385742188
"../Converted/U_RNEG_mzML/ALZ_RNEG_ToF03_U6W48_SR.mzML",195.05012512207,391.112213134766,180.02978515625,137.02424621582,153.017036910017,135.007537841797,109.028800964355,153.020111083984,109.028038024902,187.098358154297,209.080123901367,125.097686767578,97.0631256103516,204.066101074219,186.054275512695,158.060516357422,142.064147949219,135.032318115234,92.024658203125,180.066711425781,248.053985595703,163.039138793945,131.035873413086,199.021820068359,87.0441436767578,187.073913574219,169.059371948242,145.060638427734,127.05150604248,125.070217132568,326.084289550781,675.16259765625,150.056533813477,175.025192260742,113.022956848145,218.103942871094,286.0908203125,146.081039428711,88.0394058227539,367.152960822977,435.13947281,96.9585456,137.025100708008,93.0332870483398,175.02409362793,157.014633178711,167.018905639648,357.028167724609,124.014556884766,243.060195922852,289.064453125,193.036651611328,261.025024414062,113.02230464,194.045974731445,150.056976318359,93.0337181091309,164.07209777832,232.057022094727,147.043182373047,308.097930908203,170.043243408203,87.00669488,151.023888155697,219.009714805,108.019588470459,194.046813964844,150.054489135742,100.004447937012,93.0333633422852,283.067932128906,351.052337646484,151.024398803711,174.042251586914,242.023483276367,130.050872802734,114.016773223877,159.06494140625,115.073883056641,97.0626029968262,173.082565307617,195.064117431641,111.079299926758,181.048080444336,249.037719726562,137.052963256836,122.033169475,165.055358886719,147.041854858398,308.076721191406,330.055541992188,215.112899780273,131.081085205078,129.103652954102,191.019058227539,173.010162353516,111.008544921875,154.999816894531,192.066421508789,74.0228576660156,151.040115356445,219.022857666016,107.047775268555,137.022811889648,93.0346832275391,129.019622802734,85.0268363952637,173.010238647461,129.017402648926,85.0270385742188
"../Converted/U_RNEG_mzML/ALZ_RNEG_ToF03_U6W59_LTR.mzML",195.05012512207,391.111877441406,180.029174804688,137.023147583008,153.017036910017,135.00617980957,109.027709960938,153.020141601562,109.028038024902,187.098342895508,209.079879760742,125.097053527832,97.0633239746094,204.066986083984,186.054733276367,158.060577392578,142.063079833984,135.032012939453,92.0240859985352,180.066375732422,248.051239013672,163.039611816406,131.035385131836,199.021926879883,87.0437545776367,187.073379516602,169.059371948242,145.061431884766,127.051109313965,125.070217132568,326.084289550781,675.163024902344,150.057052612305,175.024429321289,113.023895263672,218.103851318359,286.090545654297,146.082046508789,88.0404586791992,367.152960822977,435.13947281,96.9585456,137.024826049805,93.03271484375,175.022842407227,157.014282226562,167.018905639648,357.028686523438,124.014236450195,243.060775756836,289.063293457031,193.035140991211,261.025024414062,113.0224609375,194.046340942383,150.056777954102,93.0348434448242,164.071762084961,232.056900024414,147.043182373047,308.097076416016,170.044143676758,87.00669488,151.027008056641,219.009780883789,108.019065856934,194.046600341797,150.054489135742,100.004776000977,93.0347137451172,283.066619873047,351.054901123047,151.024276733398,174.041625976562,242.025985717773,130.05061340332,114.016773223877,159.06494140625,115.073883056641,97.0626029968262,173.082580566406,195.063827514648,111.079154968262,181.047927856445,249.034637451172,137.052944175,122.033195495605,165.055221557617,147.041244506836,308.074005126953,330.056976318359,215.113174438477,131.082778930664,129.103317260742,191.019058227539,173.009963989258,111.008117675781,154.999328613281,192.066940307617,74.0243530273438,151.038627624512,219.022811889648,107.047775268555,137.024047851562,93.0337829589844,129.01985168457,85.0268363952637,173.009704589844,129.017402648926,85.0270385742188
"../Converted/U_RNEG_mzML/ALZ_RNEG_ToF03_U6W60_SR.mzML",195.05012512207,391.111602783203,180.029693603516,137.024032592773,153.017036910017,135.006958007812,109.027364565,153.019866943359,109.028038024902,187.098602294922,209.080200195312,125.097145080566,97.0629692077637,204.067428588867,186.054656982422,158.059387207031,142.063568115234,135.032287597656,92.024658203125,180.066192626953,248.051223754883,163.038360595703,131.035614013672,199.018844604492,87.044677734375,187.0732421875,169.059371948242,145.061553955078,127.051918029785,125.070217132568,326.084289550781,675.158935546875,150.056777954102,175.025115966797,113.023208618164,218.104034423828,286.090545654297,146.082763671875,88.039665222168,367.158050537109,435.13947281,96.9585456,137.025177001953,93.0332870483398,175.023834228516,157.014938354492,167.02131652832,357.030609130859,124.013359069824,243.060699462891,289.064086914062,193.035140991211,261.025024414062,113.0224609375,194.045974731445,150.056884765625,93.034309387207,164.071350097656,232.057983398438,147.042999267578,308.097747802734,170.043243408203,87.00669488,151.026748657227,219.009714805,108.020561218262,194.046768188477,150.054489135742,100.004524230957,93.0333633422852,283.066680908203,351.051208496094,151.026931762695,174.041687011719,242.024276733398,130.05012512207,114.016773223877,159.06494140625,115.073883056641,97.0626029968262,173.082626342773,195.064025878906,111.078498840332,181.049957275391,249.037200927734,137.052944175,122.033169475,165.054656982422,147.041297912598,308.075866699219,330.0550491,215.115295410156,131.082397460938,129.103576660156,191.019058227539,173.009628295898,111.009323120117,154.999496459961,192.063629150391,74.0228576660156,151.040908813477,219.024505615234,107.047775268555,137.023590087891,93.0337829589844,129.019973754883,85.0268363952637,173.010177612305,129.017402648926,85.0270385742188
"../Converted/U_RNEG_mzML/ALZ_RNEG_ToF03_U6W71_LTR.mzML",195.05012512207,391.111907958984,180.029235839844,137.022277832031,153.017036910017,135.005966186523,109.029319763184,153.019821166992,109.028038024902,187.09846496582,209.080352783203,125.09789276123,97.0630645751953,204.067184448242,186.054809570312,158.058395385742,142.064605712891,135.031463623047,92.0239334106445,180.065139770508,248.053756713867,163.039825439453,131.035369873047,199.019836425781,87.044548034668,187.07275390625,169.059371948242,145.061233520508,127.050910949707,125.069610595703,326.084289550781,675.161010742188,150.055816650391,175.025131225586,113.024063110352,218.103775024414,286.089904785156,146.082290649414,88.0394058227539,367.152960822977,435.13947281,96.9585456,137.02490234375,93.0327072143555,175.023178100586,157.012710571289,167.021286010742,357.029907226562,124.014625549316,243.059112548828,289.065643310547,193.035140991211,261.025024414062,113.0224609375,194.046798706055,150.056701660156,93.0347366333008,164.071960449219,232.056671142578,147.043182373047,308.097534179688,170.043533325195,87.0087661743164,151.026504516602,219.01416015625,108.019588470459,194.046447753906,150.053482055664,100.004852294922,93.0333633422852,283.067138671875,351.0537109375,151.024230957031,174.04167175293,242.027328491211,130.05012512207,114.016773223877,159.06494140625,115.073883056641,97.0626029968262,173.082901000977,195.064315795898,111.078498840332,181.049163818359,249.038131713867,137.053131103516,122.033782958984,165.056060791016,147.041297912598,308.074462890625,330.056060791016,215.113174438477,131.083251953125,129.102828979492,191.019058227539,173.009750366211,111.009704589844,154.99919128418,192.066390991211,74.0228576660156,151.038627624512,219.024795532227,107.047775268555,137.0244140625,93.0337829589844,129.019096374512,85.0268363952637,173.009521484375,129.017402648926,85.0270385742188
"../Converted/U_RNEG_mzML/ALZ_RNEG_ToF03_U6W72_SR.mzML",195.05012512207,391.112030029297,180.029754638672,137.024276733398,153.017036910017,135.008148193359,109.028060913086,153.020233154297,109.028038024902,187.098739624023,209.080123901367,125.097496032715,97.0629692077637,204.067672729492,186.054824829102,158.058532714844,142.065078735352,135.032730102539,92.024658203125,180.066452026367,248.052124023438,163.039978027344,131.035659790039,199.01806640625,87.0438079833984,187.073593139648,169.059371948242,145.061019897461,127.051383972168,125.070217132568,326.084289550781,675.162292480469,150.057006835938,175.024917602539,113.023681640625,218.104141235352,286.090576171875,146.082946777344,88.0394058227539,367.152960822977,435.13947281,96.9585456,137.024932861328,93.0332870483398,175.025146484375,157.015563964844,167.018905639648,357.030212402344,124.013366699219,243.059234619141,289.063659667969,193.035140991211,261.025024414062,113.0224609375,194.045974731445,150.057418823242,93.0337181091309,164.071929931641,232.057464599609,147.043182373047,308.098388671875,170.042938232422,87.00669488,151.02702331543,219.011009216309,108.018646240234,194.046539306641,150.054489135742,100.003067016602,93.0333633422852,283.067413330078,351.054443359375,151.026840209961,174.042190551758,242.02473449707,130.05012512207,114.016410827637,159.06494140625,115.073883056641,97.0640335083008,173.083023071289,195.064300537109,111.078498840332,181.049835205078,249.03840637207,137.052944175,122.033169475,165.055709838867,147.041297912598,308.077239990234,330.0550491,215.112167358398,131.082992553711,129.102645874023,191.019058227539,173.009170532227,111.009719848633,154.999801635742,192.067321777344,74.0228576660156,151.038627624512,219.023880004883,107.047775268555,137.025329589844,93.0337829589844,129.020050048828,85.0268363952637,173.009780883789,129.017402648926,85.0270385742188
"../Converted/U_RNEG_mzML/ALZ_RNEG_ToF03_U6W83_LTR.mzML",195.05012512207,391.112243652344,180.029800415039,137.023178100586,153.017036910017,135.007690429688,109.02823638916,153.020065307617,109.028038024902,187.098281860352,209.080078125,125.096801757812,97.0629692077637,204.067199707031,186.055648803711,158.057769775391,142.064575195312,135.031982421875,92.024658203125,180.066604614258,248.050476074219,163.037750244141,131.035522460938,199.021179199219,87.0441513061523,187.073455810547,169.059371948242,145.061477661133,127.050430297852,125.069145202637,326.084289550781,675.158264160156,150.057266235352,175.024261474609,113.025276184082,218.104583740234,286.091461181641,146.082397460938,88.0394058227539,367.152960822977,435.13947281,96.9585456,137.023162841797,93.0328521728516,175.022323608398,157.013412475586,167.018905639648,357.031219482422,124.015205383301,243.062866210938,289.064666748047,193.035140991211,261.025024414062,113.0224609375,194.045974731445,150.057327270508,93.0337181091309,164.071685791016,232.056884765625,147.043182373047,308.098907470703,170.04638671875,87.00669488,151.027420043945,219.010391235352,108.019588470459,194.046905517578,150.055770874023,100.004783630371,93.0333633422852,283.068603515625,351.051544189453,151.027236938477,174.042419433594,242.025039672852,130.05012512207,114.016773223877,159.06494140625,115.073883056641,97.0626029968262,173.083038330078,195.064712524414,111.078498840332,181.05126953125,249.038238525391,137.052944175,122.033630371094,165.054946899414,147.041297912598,308.077758789062,330.0550491,215.113861083984,131.081085205078,129.104568481445,191.019058227539,173.010269165039,111.008544921875,154.999114990234,192.065231323242,74.0228576660156,151.038627624512,219.024871826172,107.047775268555,137.024932861328,93.03466796875,129.019096374512,85.0268363952637,173.010055541992,129.017402648926,85.0270385742188
"../Converted/U_RNEG_mzML/ALZ_RNEG_ToF03_U6W84_SR.mzML",195.05012512207,391.112274169922,180.029708862305,137.023635864258,153.017036910017,135.006484985352,109.028755187988,153.020065307617,109.028038024902,187.098526000977,209.080047607422,125.096046447754,97.0629692077637,204.067153930664,186.056442260742,158.058059692383,142.063751220703,135.032272338867,92.024658203125,180.066421508789,248.051742553711,163.040130615234,131.035949707031,199.021438598633,87.0450668334961,187.073822021484,169.059371948242,145.060646057129,127.051147460938,125.070217132568,326.085296630859,675.160888671875,150.056991577148,175.025283813477,113.022956848145,218.104064941406,286.090728759766,146.081771850586,88.0394058227539,367.157196044922,435.13947281,96.9585456,137.025207519531,93.0332870483398,175.023315429688,157.015106201172,167.018905639648,357.031646728516,124.013946533203,243.062210083008,289.063171386719,193.036499023438,261.025024414062,113.0224609375,194.045974731445,150.057205200195,93.03260449,164.072219848633,232.058349609375,147.043182373047,308.099182128906,170.043502807617,87.00669488,151.027496337891,219.011009216309,108.020629882812,194.047012329102,150.054153442383,100.004730224609,93.0333633422852,283.067230224609,351.054168701172,151.025253295898,174.041961669922,242.027969360352,130.05012512207,114.016773223877,159.06494140625,115.073883056641,97.0626029968262,173.08283996582,195.064178466797,111.078498840332,181.0498046875,249.037216186523,137.053649902344,122.033169475,165.054534912109,147.041297912598,308.077606201172,330.0550491,215.112426757812,131.081878662109,129.104415893555,191.019058227539,173.010101318359,111.009826660156,154.999755859375,192.067108154297,74.0228576660156,151.040573120117,219.023101806641,107.047775268555,137.0244140625,93.0337829589844,129.020050048828,85.0268363952637,173.009902954102,129.017402648926,85.0270385742188
"../Converted/U_RNEG_mzML/ALZ_RNEG_ToF03_U6W95_LTR.mzML",195.05012512207,391.112457275391,180.029388427734,137.023773193359,153.017036910017,135.005774883,109.028175354004,153.019760131836,109.028785705566,187.098205566406,209.079635620117,125.095657348633,97.0629692077637,204.065795898438,186.055877685547,158.059204101562,142.063568115234,135.031890869141,92.0251159667969,180.06623840332,248.050369262695,163.038681030273,131.035827636719,199.022369384766,87.0441970825195,187.073028564453,169.059371948242,145.058853149414,127.050170898438,125.069123935,326.084289550781,675.161499023438,150.056793212891,175.025299072266,113.02311706543,218.104354858398,286.089691162109,146.082809448242,88.0391845703125,367.152960822977,435.13947281,96.9585456,137.023742675781,93.0329208374023,175.022872924805,157.012893676758,167.018905639648,357.028381347656,124.013191223145,243.060836791992,289.063201904297,193.035140991211,261.025024414062,113.0224609375,194.046859741211,150.056793212891,93.0349655151367,164.06999206543,232.057067871094,147.043182373047,308.097412109375,170.043106079102,87.00669488,151.026550292969,219.011184692383,108.018852233887,194.046722412109,150.053588867188,100.00267791748,93.0333633422852,283.067230224609,351.053863525391,151.026550292969,174.041732788086,242.025161743164,130.050903320312,114.016773223877,159.06494140625,115.073883056641,97.06254404,173.082702636719,195.06428527832,111.078887939453,181.049591064453,249.036712646484,137.052944175,122.033432006836,165.054000854492,147.041297912598,308.076354980469,330.0550491,215.11279296875,131.082824707031,129.103698730469,191.019058227539,173.009582519531,111.008819580078,154.999206542969,192.066375732422,74.0228576660156,151.038627624512,219.022720336914,107.050010681152,137.023071289062,93.0337829589844,129.019821166992,85.0268363952637,173.010070800781,129.017402648926,85.0270385742188
"../Converted/U_RNEG_mzML/ALZ_RNEG_ToF03_U6W96_SR.mzML",195.05012512207,391.112121582031,180.028182983398,137.024063110352,153.017036910017,135.007034301758,109.027364565,153.020172119141,109.028511047363,187.097869873047,209.080093383789,125.096485137939,97.0629692077637,204.067077636719,186.055572509766,158.059677124023,142.063430786133,135.032379150391,92.0256423950195,180.066390991211,248.05224609375,163.037841796875,131.035583496094,199.019744873047,87.0457153320312,187.07373046875,169.059371948242,145.060272216797,127.05150604248,125.070217132568,326.084289550781,675.157775878906,150.056564331055,175.024719238281,113.02433013916,218.104034423828,286.090423583984,146.08024597168,88.0394058227539,367.152960822977,435.13947281,96.9585456,137.024887084961,93.0337905883789,175.024551391602,157.014633178711,167.018905639648,357.030212402344,124.013229370117,243.061752319336,289.065765380859,193.035140991211,261.025024414062,113.0224609375,194.045974731445,150.056945800781,93.0337181091309,164.071838378906,232.057067871094,147.043182373047,308.097808837891,170.042938232422,87.00669488,151.027130126953,219.009714805,108.019588470459,194.046401977539,150.054183959961,100.004592895508,93.0333633422852,283.066619873047,351.053070068359,151.026809692383,174.041961669922,242.024383544922,130.05012512207,114.016773223877,159.06494140625,115.073883056641,97.0626029968262,173.082763671875,195.063583374023,111.078483581543,181.049835205078,249.037155151367,137.052944175,122.033447265625,165.054016113281,147.041351318359,308.077026367188,330.0550491,215.114212036133,131.081069946289,129.102874755859,191.019058227539,173.009979248047,111.007881164551,154.999298095703,192.067108154297,74.0230026245117,151.039077758789,219.023056030273,107.047775268555,137.022094726562,93.0337829589844,129.019958496094,85.0268363952637,173.010192871094,129.017402648926,85.0270385742188
"../Converted/U_RNEG_mzML/ALZ_RNEG_ToF03_U1W11_LTR.mzML",195.05012512207,391.113067626953,180.029403686523,137.02409362793,153.017036910017,135.007705688477,109.027969360352,153.020202636719,109.028038024902,187.098281860352,209.080215454102,125.097221374512,97.0627212524414,204.065719604492,186.055221557617,158.059936523438,142.063751220703,135.032043457031,92.0254211425781,180.065948486328,248.050689697266,163.040054321289,131.036010742188,199.017333984375,87.0449905395508,187.073287963867,169.059371948242,145.060897827148,127.050971984863,125.070217132568,326.084289550781,675.160888671875,150.056625366211,175.024963378906,113.023292541504,218.104431152344,286.089477539062,146.07991027832,88.0410537719727,367.152960822977,435.13947281,96.9585456,137.02311706543,93.0339965820312,175.024154663086,157.013961791992,167.018905639648,357.031341552734,124.015129089355,243.059951782227,289.064758300781,193.035140991211,261.025024414062,113.0224609375,194.046722412109,150.057281494141,93.0334625244141,164.071731567383,232.057220458984,147.043182373047,308.097015380859,170.042663574219,87.00669488,151.027160644531,219.011009216309,108.018463134766,194.046615600586,150.055862426758,100.003890991211,93.0333633422852,283.067565917969,351.053100585938,151.025390625,174.041213989258,242.02507019043,130.050857543945,114.016773223877,159.06494140625,115.073883056641,97.0634918212891,173.082977294922,195.064331054688,111.078498840332,181.048965454102,249.037826538086,137.052944175,122.033169475,165.05598449707,147.041297912598,308.076965332031,330.0550491,215.112335205078,131.081954956055,129.103012084961,191.019058227539,173.009567260742,111.007347106934,154.99934387207,192.064117431641,74.0228576660156,151.038627624512,219.023376464844,107.047775268555,137.02409362793,93.0345077514648,129.019096374512,85.0268363952637,173.010238647461,129.01606473,85.0270385742188
"../Converted/U_RNEG_mzML/ALZ_RNEG_ToF03_U1W12_SR.mzML",195.05012512207,391.10888671875,180.029571533203,137.023712158203,153.017036910017,135.00617980957,109.027900695801,153.019912719727,109.028038024902,187.098037719727,209.079742431641,125.09733581543,97.0629692077637,204.067459106445,186.05583190918,158.060104370117,142.063125610352,135.032196044922,92.0245132446289,180.065734863281,248.050674438477,163.038146972656,131.035797119141,199.018341064453,87.0446624755859,187.073181152344,169.059371948242,145.061141967773,127.051544189453,125.070991516113,326.084289550781,675.161376953125,150.056625366211,175.024475097656,113.023582458496,218.103485107422,286.090270996094,146.081253051758,88.0404739379883,367.152960822977,435.13947281,96.9585456,137.02473449707,93.0346298217773,175.02360534668,157.014739990234,167.018905639648,357.030090332031,124.015754699707,243.061737060547,289.062713623047,193.035140991211,261.025024414062,113.024101257324,194.045974731445,150.056640625,93.0342102050781,164.071899414062,232.057098388672,147.043182373047,308.097320556641,170.043716430664,87.0085372924805,151.025695800781,219.009714805,108.021118164062,194.046264648438,150.054489135742,100.00358581543,93.0345993041992,283.067260742188,351.053283691406,151.026351928711,174.041534423828,242.025848388672,130.050216674805,114.016773223877,159.06494140625,115.074226379395,97.0626029968262,173.082534790039,195.06315612793,111.079452514648,181.047653198242,249.037353515625,137.052944175,122.035087585449,165.055374145508,147.041297912598,308.076080322266,330.0550491,215.112152099609,131.080703735352,129.103332519531,191.019058227539,173.009368896484,111.009262084961,154.999038696289,192.06623840332,74.0242004394531,151.038925170898,219.024642944336,107.047775268555,137.023468017578,93.0337829589844,129.019226074219,85.0268363952637,173.009841918945,129.017402648926,85.0270385742188
"../Converted/U_RNEG_mzML/ALZ_RNEG_ToF03_U1W23_LTR.mzML",195.05012512207,391.111724853516,180.029098510742,137.023864746094,153.017036910017,135.006744384766,109.027709960938,153.019744873047,109.029083251953,187.097595214844,209.080337524414,125.097007751465,97.0627365112305,204.067047119141,186.056076049805,158.058547973633,142.063323974609,135.031982421875,92.0242156982422,180.065856933594,248.052169799805,163.039245605469,131.035873413086,199.021347045898,87.0437927246094,187.07275390625,169.05842590332,145.061019897461,127.050109863281,125.071723937988,326.084289550781,675.162353515625,150.056747436523,175.024978637695,113.02254486084,218.103744506836,286.090454101562,146.08283996582,88.0404357910156,367.152960822977,435.13947281,96.9585456,137.024459838867,93.0345077514648,175.024154663086,157.013778686523,167.018905639648,357.030059814453,124.01481628418,243.05940246582,289.065093994141,193.035140991211,261.025024414062,113.0224609375,194.046279907227,150.056533813477,93.0337181091309,164.071136474609,232.057052612305,147.043060302734,308.09716796875,170.043701171875,87.00669488,151.026458740234,219.011932373047,108.019630432129,194.046432495117,150.054885864258,100.00439453125,93.0328826904297,283.067962646484,351.054138183594,151.02424621582,174.041641235352,242.027862548828,130.050872802734,114.016773223877,159.06494140625,115.073883056641,97.0626029968262,173.082611083984,195.064315795898,111.079216003418,181.047958374023,249.036163330078,137.052944175,122.033988952637,165.054901123047,147.041297912598,308.075500488281,330.055389404297,215.113372802734,131.082061767578,129.102630615234,191.020492553711,173.009567260742,111.008995056152,154.999206542969,192.065399169922,74.0228576660156,151.040740966797,219.024765014648,107.047775268555,137.023712158203,93.0349044799805,129.019500732422,85.0268363952637,173.009887695312,129.01606473,85.0270385742188
"../Converted/U_RNEG_mzML/ALZ_RNEG_ToF03_U1W24_SR.mzML",195.05012512207,391.111785888672,180.028427124023,137.02392578125,153.017036910017,135.006362915039,109.027364565,153.019668579102,109.028038024902,187.098175048828,209.079864501953,125.097389221191,97.0629692077637,204.066040039062,186.05500793457,158.059967041016,142.063690185547,135.031860351562,92.025764465332,180.066314697266,248.053848266602,163.039016723633,131.03547668457,199.020248413086,87.0447311401367,187.073501586914,169.059371948242,145.059188842773,127.049705505371,125.070217132568,326.084289550781,675.159973144531,150.056488037109,175.022171020508,113.023132324219,218.103668212891,286.089569091797,146.081771850586,88.0401306152344,367.152960822977,435.13947281,96.9585456,137.024612426758,93.0345916748047,175.023406982422,157.014465332031,167.018905639648,357.029693603516,124.013916015625,243.06184387207,289.063323974609,193.035140991211,261.025024414062,113.0224609375,194.045974731445,150.056777954102,93.0337181091309,164.071380615234,232.057815551758,147.044387817383,308.097869873047,170.046203613281,87.0073928833008,151.026794433594,219.009714805,108.019588470459,194.046325683594,150.05305480957,100.004577636719,93.0349960327148,283.066711425781,351.053344726562,151.026275634766,174.041961669922,242.024993896484,130.050247192383,114.016773223877,159.06494140625,115.073883056641,97.0626029968262,173.082153320312,195.063903808594,111.078498840332,181.048034667969,249.037704467773,137.052944175,122.033233642578,165.053741455078,147.041297912598,308.074737548828,330.060211181641,215.113815307617,131.083038330078,129.103317260742,191.019058227539,173.009689331055,111.008041381836,154.999389648438,192.066284179688,74.0228576660156,151.038772583008,219.02685546875,107.048156738281,137.023620605469,93.0349731445312,129.01969909668,85.0268363952637,173.009674072266,129.017402648926,85.0270385742188
"../Converted/U_RNEG_mzML/ALZ_RNEG_ToF03_U1W35_LTR.mzML",195.051666259766,391.111450195312,180.029525756836,137.023345947266,153.017036910017,135.005889892578,109.027648925781,153.019790649414,109.028038024902,187.098159790039,209.080001831055,125.096176147461,97.0629692077637,204.066513061523,186.055297851562,158.058547973633,142.064559936523,135.031921386719,92.0251846313477,180.065933227539,248.051528930664,163.038391113281,131.035079956055,199.018585205078,87.0448226928711,187.072784423828,169.059371948242,145.06135559082,127.051330566406,125.069160461426,326.084259033203,675.155883789062,150.054840087891,175.024429321289,113.022415161133,218.10383605957,286.088989257812,146.082504272461,88.0397567749023,367.152960822977,435.13947281,96.9585456,137.024063110352,93.0333938598633,175.023300170898,157.012176513672,167.018905639648,357.029449462891,124.014358520508,243.061080932617,289.064208984375,193.035140991211,261.025024414062,113.0224609375,194.045761108398,150.056213378906,93.0345611572266,164.071578979492,232.056671142578,147.044219970703,308.097137451172,170.045928955078,87.0075988769531,151.02571105957,219.013916015625,108.018447875977,194.045989990234,150.053436279297,100.004371643066,93.0345993041992,283.066955566406,351.052795410156,151.024032592773,174.041290283203,242.024032592773,130.050994873047,114.016773223877,159.06494140625,115.073883056641,97.0626029968262,173.081848144531,195.063171386719,111.078498840332,181.049255371094,249.036254882812,137.052944175,122.035186767578,165.054870605469,147.041297912598,308.074890136719,330.060272216797,215.114074707031,131.082321166992,129.102447509766,191.020141601562,173.009582519531,111.008796691895,154.998794555664,192.064880371094,74.0228576660156,151.040008544922,219.02294921875,107.047775268555,137.02360534668,93.03260449,129.018997192383,85.0268363952637,173.009414672852,129.017402648926,85.02672458
"../Converted/U_RNEG_mzML/ALZ_RNEG_ToF03_U1W36_SR.mzML",195.05012512207,391.112091064453,180.029434204102,137.024002075195,153.017036910017,135.006958007812,109.028038024902,153.019973754883,109.028038024902,187.098281860352,209.080001831055,125.097846984863,97.0629692077637,204.066680908203,186.054992675781,158.05810546875,142.065155029297,135.031982421875,92.0255813598633,180.066162109375,248.052520751953,163.039245605469,131.035903930664,199.018676757812,87.0453033447266,187.073532104492,169.059371948242,145.060104370117,127.05052947998,125.070217132568,326.086517333984,675.163818359375,150.056915283203,175.025238037109,113.02262878418,218.10400390625,286.091064453125,146.081481933594,88.0393600463867,367.156524658203,435.13947281,96.9585456,137.024887084961,93.0332870483398,175.023330688477,157.015106201172,167.018905639648,357.026702880859,124.014709472656,243.062515258789,289.062744140625,193.036193847656,261.025024414062,113.0224609375,194.045974731445,150.056976318359,93.0336227416992,164.072082519531,232.057067871094,147.043182373047,308.0986328125,170.045776367188,87.00669488,151.026626586914,219.011009216309,108.020118713379,194.046539306641,150.05500793457,100.004089355469,93.0333633422852,283.066070556641,351.051696777344,151.026321411133,174.041854858398,242.025314331055,130.050903320312,114.016773223877,159.06494140625,115.073883056641,97.0631637573242,173.082870483398,195.063400268555,111.078498840332,181.050537109375,249.036148071289,137.052944175,122.033386230469,165.052780151367,147.041297912598,308.077758789062,330.0550491,215.114242553711,131.082504272461,129.102279663086,191.019058227539,173.010040283203,111.009239196777,154.999542236328,192.066986083984,74.0228576660156,151.038627624512,219.023742675781,107.048927307129,137.023849487305,93.0337829589844,129.019897460938,85.0268363952637,173.00993347168,129.017402648926,85.0270385742188
"../Converted/U_RNEG_mzML/ALZ_RNEG_ToF03_U1W47_LTR.mzML",195.05012512207,391.111938476562,180.029800415039,137.024002075195,153.017036910017,135.006988525391,109.027364565,153.020004272461,109.028038024902,187.097808837891,209.079788208008,125.097808837891,97.0635604858398,204.066787719727,186.055770874023,158.057815551758,142.062927246094,135.031784057617,92.0250701904297,180.066299438477,248.051910400391,163.039505004883,131.035385131836,199.020553588867,87.0451049804688,187.073287963867,169.057479858398,145.060455322266,127.051872253418,125.070217132568,326.084289550781,675.157348632812,150.056457519531,175.024505615234,113.02318572998,218.103744506836,286.090148925781,146.081344604492,88.0394058227539,367.152960822977,435.13947281,96.9585456,137.024505615234,93.0340347290039,175.023651123047,157.014373779297,167.021865844727,357.028015136719,124.013236999512,243.061279296875,289.063537597656,193.035140991211,261.025024414062,113.0224609375,194.046661376953,150.056823730469,93.0337181091309,164.071426391602,232.056716918945,147.043807983398,308.097808837891,170.043487548828,87.0083465576172,151.026748657227,219.010147094727,108.018852233887,194.046661376953,150.054138183594,100.00415802002,93.0346145629883,283.066711425781,351.055480957031,151.024032592773,174.0419921875,242.026107788086,130.051605224609,114.016773223877,159.06494140625,115.073883056641,97.0626029968262,173.082641601562,195.063491821289,111.078498840332,181.049621582031,249.037902832031,137.052944175,122.033169475,165.054168701172,147.041297912598,308.076568603516,330.0550491,215.113830566406,131.081237792969,129.102874755859,191.019058227539,173.009796142578,111.009239196777,154.999649047852,192.066390991211,74.0228576660156,151.040420532227,219.025970458984,107.047775268555,137.022720336914,93.0337829589844,129.018600463867,85.0268363952637,173.009735107422,129.019622802734,85.0270385742188
"../Converted/U_RNEG_mzML/ALZ_RNEG_ToF03_U1W48_SR.mzML",195.05012512207,391.11181640625,180.029769897461,137.024032592773,153.017036910017,135.00749206543,109.028274536133,153.019622802734,109.028038024902,187.097885131836,209.079483032227,125.096000671387,97.0629692077637,204.067245483398,186.054275512695,158.059005737305,142.065368652344,135.031921386719,92.024658203125,180.066146850586,248.051452636719,163.038589477539,131.035140991211,199.020645141602,87.0456085205078,187.073364257812,169.059371948242,145.061904907227,127.050933837891,125.070167541504,326.086700439453,675.160095214844,150.05647277832,175.024627685547,113.02424621582,218.10383605957,286.090606689453,146.082153320312,88.0394058227539,367.157196044922,435.13947281,96.9585456,137.025039672852,93.0332870483398,175.024917602539,157.014709472656,167.018905639648,357.028411865234,124.013404846191,243.061569213867,289.0654296875,193.035140991211,261.025024414062,113.02230464,194.045974731445,150.057022094727,93.0337181091309,164.072021484375,232.057067871094,147.043182373047,308.098571777344,170.043853759766,87.00669488,151.025512695312,219.009714805,108.020599365234,194.046112060547,150.055648803711,100.003120422363,93.0333633422852,283.067413330078,351.054443359375,151.02685546875,174.041732788086,242.027160644531,130.05110168457,114.016773223877,159.06494140625,115.073883056641,97.0626029968262,173.082611083984,195.064117431641,111.078659057617,181.049453735352,249.037536621094,137.052944175,122.033169475,165.0546875,147.041297912598,308.077392578125,330.0550491,215.114196777344,131.082656860352,129.10285949707,191.019058227539,173.009902954102,111.009330749512,154.999420166016,192.066818237305,74.0228118896484,151.038803100586,219.02619934082,107.047775268555,137.024047851562,93.0337829589844,129.019882202148,85.0268363952637,173.009719848633,129.017402648926,85.0270385742188
"../Converted/U_RNEG_mzML/ALZ_RNEG_ToF03_U1W59_LTR.mzML",195.05078125,391.110870361328,180.028579711914,137.023300170898,153.017036910017,135.007141113281,109.027946472168,153.018600463867,109.028221130371,187.098175048828,209.079193115234,125.097236633301,97.0629692077637,204.06640625,186.055709838867,158.059616088867,142.064605712891,135.031677246094,92.0236968994141,180.065612792969,248.051483154297,163.037796020508,131.035186767578,199.02018737793,87.0440444946289,187.072692871094,169.061218261719,145.058883666992,127.049407958984,125.071083068848,326.084289550781,675.15771484375,150.055633544922,175.0244140625,113.023422241211,218.103164672852,286.087768554688,146.08039855957,88.0389022827148,367.152960822977,435.13947281,96.9585456,137.024475097656,93.032844543457,175.023727416992,157.011871337891,167.018905639648,357.029937744141,124.014541625977,243.058898925781,289.062927246094,193.035140991211,261.025024414062,113.0224609375,194.045883178711,150.055953979492,93.0338668823242,164.070495605469,232.056732177734,147.043182373047,308.097900390625,170.042510986328,87.00669488,151.026473999023,219.009841918945,108.018424987793,194.0458984375,150.055877685547,100.004020690918,93.0331954956055,283.065856933594,351.052490234375,151.026123046875,174.040954589844,242.024932861328,130.048980712891,114.016773223877,159.06494140625,115.073883056641,97.0626029968262,173.08251953125,195.063873291016,111.078498840332,181.049362182617,249.035934448242,137.052944175,122.033169475,165.055328369141,147.041297912598,308.075744628906,330.0556640625,215.112976074219,131.080490112305,129.102111816406,191.019638061523,173.009155273438,111.009140014648,154.999008178711,192.065567016602,74.0228576660156,151.038558959961,219.023895263672,107.047775268555,137.022598266602,93.03260449,129.019302368164,85.0268363952637,173.009002685547,129.019638061523,85.0270385742188
"../Converted/U_RNEG_mzML/ALZ_RNEG_ToF03_U1W60_SR.mzML",195.05012512207,391.111602783203,180.029449462891,137.023712158203,153.017036910017,135.006790161133,109.027648925781,153.019714355469,109.028038024902,187.098114013672,209.080108642578,125.096160888672,97.0630569458008,204.067031860352,186.05451965332,158.057983398438,142.063369750977,135.029327392578,92.024658203125,180.066177368164,248.050476074219,163.037887573242,131.03581237793,199.0185546875,87.0451812744141,187.072937011719,169.059371948242,145.060897827148,127.051704406738,125.070217132568,326.084350585938,675.158874511719,150.056579589844,175.024261474609,113.02375793457,218.102981567383,286.089569091797,146.080230712891,88.0401077270508,367.156188964844,435.13947281,96.9585456,137.0244140625,93.0338592529297,175.024047851562,157.014511108398,167.018905639648,357.028015136719,124.014343261719,243.060928344727,289.065643310547,193.035140991211,261.025024414062,113.0224609375,194.045974731445,150.056915283203,93.0343399047852,164.071640014648,232.057647705078,147.04362487793,308.097381591797,170.042678833008,87.0088577270508,151.026763916016,219.011009216309,108.019973754883,194.045562744141,150.055725097656,100.00456237793,93.0333633422852,283.065795898438,351.054656982422,151.02507019043,174.041458129883,242.024765014648,130.05012512207,114.016773223877,159.06494140625,115.073883056641,97.0626029968262,173.082550048828,195.064315795898,111.080879211426,181.049240112305,249.038131713867,137.052944175,122.033169475,165.055160522461,147.041297912598,308.076385498047,330.0550491,215.114166259766,131.081741333008,129.102172851562,191.019058227539,173.009384155273,111.009101867676,154.999114990234,192.065628051758,74.0228576660156,151.038726806641,219.024856567383,107.047775268555,137.023315429688,93.0343475341797,129.019104003906,85.0268363952637,173.009811401367,129.017402648926,85.0270385742188
"../Converted/U_RNEG_mzML/ALZ_RNEG_ToF03_U1W71_LTR.mzML",195.05012512207,391.111785888672,180.028961181641,137.023773193359,153.017036910017,135.005905151367,109.027534484863,153.019882202148,109.028038024902,187.098388671875,209.080062866211,125.096786499023,97.0641174316406,204.064987182617,186.054458618164,158.060073852539,142.063735961914,135.030792236328,92.0254364013672,180.065628051758,248.051528930664,163.039901733398,131.035522460938,199.019424438477,87.0445022583008,187.072937011719,169.059371948242,145.061004638672,127.051086425781,125.070217132568,326.084289550781,675.162048339844,150.055618286133,175.023330688477,113.024635314941,218.103744506836,286.089172363281,146.081954956055,88.0397872924805,367.158233642578,435.13947281,96.9585456,137.023712158203,93.0329437255859,175.023742675781,157.013900756836,167.020523071289,357.030792236328,124.013313293457,243.059005737305,289.063079833984,193.035140991211,261.025024414062,113.0224609375,194.046371459961,150.056350708008,93.0347290039062,164.07145690918,232.056884765625,147.043182373047,308.096954345703,170.042831420898,87.00669488,151.026611328125,219.010818481445,108.020362854004,194.046127319336,150.055694580078,100.003967285156,93.034423828125,283.066223144531,351.053100585938,151.026062011719,174.04133605957,242.024978637695,130.050857543945,114.016773223877,159.06494140625,115.073883056641,97.0626029968262,173.082366943359,195.064407348633,111.078498840332,181.049285888672,249.037521362305,137.054000854492,122.033897399902,165.054840087891,147.041122436523,308.075866699219,330.0550491,215.112991333008,131.081634521484,129.102966308594,191.020141601562,173.009506225586,111.009117126465,154.999008178711,192.066467285156,74.0232467651367,151.040435791016,219.024230957031,107.048477172852,137.022247314453,93.0337829589844,129.019256591797,85.0268363952637,173.00944519043,129.017402648926,85.0270385742188
"../Converted/U_RNEG_mzML/ALZ_RNEG_ToF03_U1W72_SR.mzML",195.05012512207,391.111938476562,180.029556274414,137.023391723633,153.017036910017,135.006088256836,109.028099060059,153.019317626953,109.028038024902,187.09814453125,209.078796386719,125.095825195312,97.0629692077637,204.066329956055,186.054565429688,158.058746337891,142.064651489258,135.031677246094,92.0253219604492,180.066024780273,248.050491333008,163.039199829102,131.035491943359,199.019439697266,87.0451431274414,187.072860717773,169.061447143555,145.061752319336,127.05126953125,125.070388793945,326.084289550781,675.158386230469,150.056533813477,175.024169921875,113.022613525391,218.103408813477,286.089630126953,146.080642700195,88.0394058227539,367.156677246094,435.13947281,96.9585456,137.024368286133,93.0345840454102,175.024719238281,157.014984130859,167.018905639648,357.030242919922,124.01318359375,243.061813354492,289.063720703125,193.035140991211,261.025024414062,113.022987365723,194.045974731445,150.056884765625,93.0348587036133,164.071411132812,232.057769775391,147.044128417969,308.097900390625,170.043640136719,87.00669488,151.027206420898,219.011009216309,108.018829345703,194.046478271484,150.054275512695,100.004295349121,93.0344085693359,283.066589355469,351.052642822266,151.025314331055,174.041595458984,242.024612426758,130.050827026367,114.016548156738,159.06494140625,115.073883056641,97.0626029968262,173.082489013672,195.063934326172,111.078498840332,181.047332763672,249.037689208984,137.052944175,122.034812927246,165.0546875,147.041061401367,308.076934814453,330.0550491,215.112197875977,131.080154418945,129.102737426758,191.019058227539,173.009658813477,111.009185791016,154.999267578125,192.066375732422,74.0232925415039,151.038627624512,219.023696899414,107.049964904785,137.0234375,93.0337829589844,129.019821166992,85.0268363952637,173.009841918945,129.017402648926,85.0270385742188
"../Converted/U_RNEG_mzML/ALZ_RNEG_ToF03_U1W83_LTR.mzML",195.05012512207,391.112396240234,180.028686523438,137.024078369141,153.017036910017,135.005774883,109.029327392578,153.019897460938,109.028038024902,187.097885131836,209.079635620117,125.097015380859,97.0629692077637,204.067108154297,186.054901123047,158.058654785156,142.063598632812,135.032196044922,92.0249710083008,180.065200805664,248.051574707031,163.038009643555,131.035736083984,199.021011352539,87.0449523925781,187.072967529297,169.059371948242,145.060745239258,127.051330566406,125.070217132568,326.088439941406,675.161376953125,150.055740356445,175.023910522461,113.023536682129,218.104248046875,286.090667724609,146.082077026367,88.0400390625,367.152960822977,435.13947281,96.9585456,137.024536132812,93.0343322753906,175.02392578125,157.014099121094,167.018905639648,357.030120849609,124.013290405273,243.061706542969,289.062744140625,193.035140991211,261.025024414062,113.0224609375,194.046829223633,150.057022094727,93.035041809082,164.072067260742,232.056945800781,147.043182373047,308.097778320312,170.043548583984,87.0067672729492,151.024963378906,219.010498046875,108.020057678223,194.046356201172,150.054672241211,100.003997802734,93.0347061157227,283.067810058594,351.054748535156,151.024612426758,174.041717529297,242.023849487305,130.04963684082,114.016773223877,159.06494140625,115.073883056641,97.0626029968262,173.082580566406,195.064392089844,111.078498840332,181.049179077148,249.037780761719,137.053085327148,122.033169475,165.056243896484,147.041297912598,308.076751708984,330.055755615234,215.115158081055,131.080291748047,129.102798461914,191.020355224609,173.009643554688,111.009140014648,154.999374389648,192.066635131836,74.0228576660156,151.040435791016,219.024749755859,107.047775268555,137.023239135742,93.0345230102539,129.019073486328,85.0268363952637,173.009902954102,129.017402648926,85.0270385742188
"../Converted/U_RNEG_mzML/ALZ_RNEG_ToF03_U1W84_SR.mzML",195.05012512207,391.1123046875,180.029571533203,137.024078369141,153.017036910017,135.007263183594,109.027364565,153.019714355469,109.028038024902,187.097991943359,209.079849243164,125.095252990723,97.0639953613281,204.064208984375,186.055328369141,158.057739257812,142.065460205078,135.032287597656,92.0257568359375,180.066101074219,248.050933837891,163.040267944336,131.034896850586,199.021682739258,87.0448150634766,187.073120117188,169.059371948242,145.060653686523,127.051368713379,125.070217132568,326.084289550781,675.16259765625,150.056640625,175.024780273438,113.023681640625,218.104263305664,286.09033203125,146.082092285156,88.0394058227539,367.157775878906,435.13947281,96.9585456,137.02490234375,93.0332870483398,175.024795532227,157.014404296875,167.020767211914,357.031341552734,124.015075683594,243.059005737305,289.063110351562,193.035140991211,261.025024414062,113.0224609375,194.045974731445,150.057052612305,93.0337181091309,164.071319580078,232.057067871094,147.043182373047,308.098114013672,170.042938232422,87.00669488,151.026397705078,219.011009216309,108.020904541016,194.046875,150.054489135742,100.004875183105,93.03260449,283.0673828125,351.053771972656,151.025299072266,174.041717529297,242.023498535156,130.049087524414,114.016773223877,159.06494140625,115.075271606445,97.0626029968262,173.082611083984,195.06396484375,111.078498840332,181.047439575195,249.038208007812,137.052944175,122.033302307129,165.054473876953,147.040863037109,308.077667236328,330.0550491,215.113403320312,131.082809448242,129.10302734375,191.019058227539,173.009674072266,111.008834838867,154.999435424805,192.066986083984,74.0228576660156,151.040924072266,219.023193359375,107.047775268555,137.024307250977,93.0337829589844,129.019088745117,85.0267562866211,173.010269165039,129.017402648926,85.0270385742188
"../Converted/U_RNEG_mzML/ALZ_RNEG_ToF03_U1W95_LTR.mzML",195.05012512207,391.112060546875,180.029769897461,137.022476196289,153.017036910017,135.006164550781,109.027364565,153.019836425781,109.028038024902,187.098556518555,209.080154418945,125.097831726074,97.0629692077637,204.06672668457,186.054779052734,158.05778503418,142.063751220703,135.032012939453,92.0253295898438,180.066162109375,248.053024291992,163.037612915039,131.035583496094,199.021194458008,87.0442962646484,187.073196411133,169.059371948242,145.059555053711,127.05054473877,125.070602416992,326.084289550781,675.158020019531,150.056243896484,175.024291992188,113.023872375488,218.103912353516,286.089385986328,146.080139160156,88.0394058227539,367.158569335938,435.13947281,96.9585456,137.025192260742,93.0332870483398,175.024169921875,157.014007568359,167.018905639648,357.030242919922,124.013969421387,243.060424804688,289.064239501953,193.035140991211,261.025024414062,113.023010253906,194.046722412109,150.056838989258,93.0335845947266,164.071273803711,232.057098388672,147.044372558594,308.097747802734,170.042999267578,87.0087661743164,151.026473999023,219.011611938477,108.018409729004,194.046615600586,150.056045532227,100.004257202148,93.0335159301758,283.065307617188,351.050231933594,151.025344848633,174.041473388672,242.025817871094,130.05061340332,114.016773223877,159.06494140625,115.075897216797,97.0626029968262,173.082748413086,195.064117431641,111.078498840332,181.050033569336,249.037780761719,137.052947998047,122.034530639648,165.054611206055,147.041297912598,308.076965332031,330.0550491,215.112976074219,131.080505371094,129.103744506836,191.020492553711,173.009643554688,111.008926391602,154.999160766602,192.066909790039,74.0228576660156,151.040786743164,219.027084350586,107.048721313477,137.023147583008,93.0337829589844,129.019119262695,85.0268363952637,173.009780883789,129.017402648926,85.0270385742188
"../Converted/U_RNEG_mzML/ALZ_RNEG_ToF03_U1W96_SR.mzML",195.05012512207,391.112182617188,180.029098510742,137.023651123047,153.017036910017,135.006118774414,109.027557373047,153.019332885742,109.028038024902,187.098724365234,209.079895019531,125.097457885742,97.0629692077637,204.06689453125,186.055099487305,158.05842590332,142.063079833984,135.03157043457,92.0247268676758,180.065307617188,248.051132202148,163.037979125977,131.034957885742,199.019897460938,87.0453948974609,187.072494506836,169.062286376953,145.060775756836,127.049789428711,125.071983337402,326.084289550781,675.161804199219,150.056045532227,175.024658203125,113.024375915527,218.103118896484,286.088470458984,146.081298828125,88.0390396118164,367.157775878906,435.13947281,96.9585456,137.025146484375,93.0332870483398,175.022918701172,157.014404296875,167.018905639648,357.026763916016,124.014854431152,243.058975219727,289.062896728516,193.035140991211,261.025024414062,113.0224609375,194.045974731445,150.056732177734,93.0344467163086,164.071029663086,232.05810546875,147.043823242188,308.097412109375,170.043655395508,87.0087966918945,151.026794433594,219.011009216309,108.019271850586,194.046096801758,150.055191040039,100.003440856934,93.0346908569336,283.065795898438,351.05322265625,151.0244140625,174.041305541992,242.024124145508,130.050598144531,114.017776489258,159.06494140625,115.075309753418,97.0646896362305,173.082626342773,195.063262939453,111.078498840332,181.047485351562,249.037658691406,137.052944175,122.034194946289,165.054229736328,147.041297912598,308.077209472656,330.055358886719,215.112380981445,131.080490112305,129.10285949707,191.019058227539,173.009140014648,111.009292602539,154.998718261719,192.066223144531,74.0230026245117,151.039627075195,219.023590087891,107.049163818359,137.023742675781,93.0337829589844,129.019546508789,85.0268363952637,173.009399414062,129.017402648926,85.0270385742188
"../Converted/U_RNEG_mzML/ALZ_RNEG_ToF03_U8W11_LTR.mzML",195.051849365234,391.110931396484,180.028762817383,137.023597717285,153.017036910017,135.006195068359,109.028114318848,153.019104003906,109.029159545898,187.098083496094,209.079696655273,125.096664428711,97.0629692077637,204.065444946289,186.055816650391,158.059356689453,142.063568115234,135.031509399414,92.0241928100586,180.065231323242,248.051177978516,163.038269042969,131.03515625,199.017944335938,87.0443115234375,187.073089599609,169.059371948242,145.061645507812,127.050216674805,125.070106506348,326.084289550781,675.156616210938,150.055618286133,175.024169921875,113.024261474609,218.102813720703,286.088562011719,146.080581665039,88.0393753051758,367.158264160156,435.13947281,96.9585456,137.023818969727,93.0340042114258,175.022674560547,157.012481689453,167.018905639648,357.027008056641,124.013542175293,243.059692382812,289.062683105469,193.035140991211,261.025024414062,113.0224609375,194.046340942383,150.056106567383,93.0343017578125,164.070220947266,232.056610107422,147.043182373047,308.096771240234,170.045516967773,87.00669488,151.025512695312,219.013565063477,108.020065307617,194.046005249023,150.053833007812,100.004119873047,93.03271484375,283.064971923828,351.053436279297,151.025115966797,174.041381835938,242.024383544922,130.051116943359,114.016773223877,159.06494140625,115.073883056641,97.06254404,173.082122802734,195.063629150391,111.078498840332,181.048385620117,249.037490844727,137.052944175,122.033169475,165.054595947266,147.041046142578,308.076568603516,330.057891845703,215.111862182617,131.082626342773,129.102798461914,191.019058227539,173.009765625,111.00959777832,154.999130249023,192.06591796875,74.0233001708984,151.040481567383,219.026611328125,107.047394265,137.022521972656,93.03260449,129.018371582031,85.0268363952637,173.008666992188,129.01606473,85.0270385742188
"../Converted/U_RNEG_mzML/ALZ_RNEG_ToF03_U8W12_SR.mzML",195.05012512207,391.111968994141,180.027755737305,137.023788452148,153.017036910017,135.005996704102,109.027702331543,153.019302368164,109.028038024902,187.097946166992,209.079742431641,125.09676361084,97.0629692077637,204.066482543945,186.054428100586,158.05989074707,142.063873291016,135.031661987305,92.0246887207031,180.066207885742,248.052886962891,163.03889465332,131.035522460938,199.018371582031,87.0444412231445,187.072937011719,169.059371948242,145.05989074707,127.05135345459,125.070217132568,326.084289550781,675.163146972656,150.05647277832,175.024398803711,113.022918701172,218.103622436523,286.090454101562,146.080200195312,88.0394058227539,367.158386230469,435.13947281,96.9585456,137.024703979492,93.0342636108398,175.024017333984,157.013626098633,167.018905639648,357.030303955078,124.015357971191,243.061538696289,289.063446044922,193.035140991211,261.025024414062,113.0224609375,194.045974731445,150.056579589844,93.0337829589844,164.071823120117,232.05859375,147.043182373047,308.098327636719,170.043273925781,87.00669488,151.026321411133,219.011009216309,108.020904541016,194.046569824219,150.055572509766,100.003311157227,93.0333633422852,283.067718505859,351.051971435547,151.025802612305,174.04150390625,242.02360534668,130.051177978516,114.016773223877,159.06494140625,115.073883056641,97.0626029968262,173.082427978516,195.063842773438,111.0783338,181.048370361328,249.033432006836,137.052944175,122.033187866211,165.055389404297,147.041297912598,308.077484130859,330.055145263672,215.115310668945,131.080215454102,129.103240966797,191.019058227539,173.009414672852,111.007431030273,154.999114990234,192.065414428711,74.0226440429688,151.039855957031,219.02360534668,107.047775268555,137.022109985352,93.0337829589844,129.019470214844,85.0268363952637,173.009765625,129.01606473,85.0270385742188
"../Converted/U_RNEG_mzML/ALZ_RNEG_ToF03_U8W23_LTR.mzML",195.05012512207,391.111694335938,180.029266357422,137.023483276367,153.017036910017,135.005859375,109.028533935547,153.019378662109,109.028038024902,187.098266601562,209.079452514648,125.097381591797,97.0634078979492,204.065948486328,186.054748535156,158.059799194336,142.063217163086,135.03173828125,92.0247344970703,180.066055297852,248.052093505859,163.037658691406,131.034317016602,199.018600463867,87.0450820922852,187.072463989258,169.058746337891,145.060211181641,127.051132202148,125.072166442871,326.084289550781,675.161254882812,150.055999755859,175.023742675781,113.022994995117,218.103912353516,286.089965820312,146.081665039062,88.040153503418,367.158020019531,435.13947281,96.9585456,137.024337768555,93.0338516235352,175.022705078125,157.013778686523,167.018905639648,357.029693603516,124.013626098633,243.059631347656,289.062683105469,193.035140991211,261.025024414062,113.0224609375,194.046417236328,150.056213378906,93.0345001220703,164.069869995117,232.056716918945,147.043563842773,308.096588134766,170.043640136719,87.00669488,151.026290893555,219.011749267578,108.020118713379,194.046569824219,150.055252075195,100.004241943359,93.0347671508789,283.0673828125,351.050933837891,151.025512695312,174.040908813477,242.024353027344,130.05012512207,114.017196655273,159.06494140625,115.073883056641,97.0626029968262,173.082412719727,195.063888549805,111.078582763672,181.048233032227,249.037185668945,137.052944175,122.034301757812,165.054901123047,147.041297912598,308.076690673828,330.056365966797,215.112533569336,131.080459594727,129.102767944336,191.019500732422,173.009292602539,111.008087158203,154.998413085938,192.066513061523,74.0228576660156,151.040603637695,219.024490356445,107.047775268555,137.022552490234,93.03260449,129.018295288086,85.0268363952637,173.009353637695,129.017402648926,85.0270385742188
"../Converted/U_RNEG_mzML/ALZ_RNEG_ToF03_U8W24_SR.mzML",195.05012512207,391.110961914062,180.028274536133,137.021667480469,153.017036910017,135.005981445312,109.027908325195,153.01904296875,109.028038024902,187.097793579102,209.079498291016,125.095985412598,97.0629692077637,204.066787719727,186.054229736328,158.058151245117,142.063888549805,135.031448364258,92.0240249633789,180.065414428711,248.051376342773,163.039932250977,131.03450012207,199.02067565918,87.0451583862305,187.072631835938,169.059585571289,145.059982299805,127.049667358398,125.072105407715,326.084289550781,675.156372070312,150.056030273438,175.024612426758,113.022682189941,218.102447509766,286.088958740234,146.08088684082,88.038818359375,367.152960822977,435.13947281,96.9585456,137.024444580078,93.0342712402344,175.024047851562,157.013961791992,167.018905639648,357.030334472656,124.01383972168,243.060836791992,289.062896728516,193.035140991211,261.025024414062,113.0224609375,194.045974731445,150.056030273438,93.0337448120117,164.070663452148,232.057342529297,147.043182373047,308.095733642578,170.043762207031,87.008659362793,151.026092529297,219.009714805,108.018882751465,194.045837402344,150.054336547852,100.003921508789,93.0345230102539,283.065551757812,351.052978515625,151.026138305664,174.040817260742,242.025756835938,130.051086425781,114.016773223877,159.06494140625,115.073883056641,97.0626029968262,173.081909179688,195.062484741211,111.078498840332,181.049468994141,249.037658691406,137.052944175,122.03352355957,165.054962158203,147.041381835938,308.075744628906,330.0550491,215.113571166992,131.081787109375,129.102966308594,191.019058227539,173.008911132812,111.008934020996,154.998611450195,192.065887451172,74.0228576660156,151.039733886719,219.022720336914,107.047775268555,137.022644042969,93.0337829589844,129.019165039062,85.0268363952637,173.009460449219,129.017402648926,85.0270385742188
"../Converted/U_RNEG_mzML/ALZ_RNEG_ToF03_U8W35_LTR.mzML",195.050430297852,391.112121582031,180.028991699219,137.023986816406,153.017036910017,135.005981445312,109.02808380127,153.020095825195,109.028038024902,187.098434448242,209.079803466797,125.097198486328,97.0629692077637,204.067276000977,186.055541992188,158.061431884766,142.063095092773,135.032150268555,92.024658203125,180.066604614258,248.052124023438,163.03840637207,131.035110473633,199.021835327148,87.0453720092773,187.073181152344,169.059371948242,145.061614990234,127.051803588867,125.070217132568,326.084289550781,675.159423828125,150.055038452148,175.025238037109,113.022956848145,218.103698730469,286.088958740234,146.0810546875,88.0394058227539,367.152960822977,435.13947281,96.9585456,137.023406982422,93.0339584350586,175.023788452148,157.013107299805,167.018905639648,357.030548095703,124.014259338379,243.060562133789,289.063812255859,193.035140991211,261.025024414062,113.02230464,194.046264648438,150.056945800781,93.0337181091309,164.071807861328,232.056610107422,147.043182373047,308.09619140625,170.045715332031,87.00669488,151.027099609375,219.010467529297,108.019588470459,194.046127319336,150.056884765625,100.003318786621,93.0335083007812,283.067840576172,351.053680419922,151.026336669922,174.041763305664,242.025360107422,130.048904418945,114.018096923828,159.06494140625,115.073883056641,97.0626983642578,173.082794189453,195.064590454102,111.078498840332,181.048095703125,249.038436889648,137.05322265625,122.033169475,165.05583190918,147.041122436523,308.076934814453,330.055084228516,215.111862182617,131.081085205078,129.103134155273,191.019058227539,173.009796142578,111.009078979492,154.996109008789,192.066925048828,74.0228576660156,151.040649414062,219.022964477539,107.0478515625,137.023086547852,93.0337829589844,129.018264770508,85.0268363952637,173.009902954102,129.01606473,85.0270385742188
"../Converted/U_RNEG_mzML/ALZ_RNEG_ToF03_U8W36_SR.mzML",195.05012512207,391.111724853516,180.029037475586,137.023597717285,153.017036910017,135.005905151367,109.027420043945,153.019409179688,109.028038024902,187.097503662109,209.079376220703,125.095306396484,97.0629692077637,204.066329956055,186.054397583008,158.058456420898,142.063903808594,135.03173828125,92.0245819091797,180.065856933594,248.053375244141,163.038558959961,131.035568237305,199.020416259766,87.0455169677734,187.07356262207,169.059371948242,145.059906005859,127.049667358398,125.070217132568,326.084289550781,675.161071777344,150.055770874023,175.023651123047,113.022613525391,218.103363037109,286.090118408203,146.081283569336,88.0402908325195,367.152960822977,435.13947281,96.9585456,137.024505615234,93.0340042114258,175.023071289062,157.01416015625,167.021087646484,357.026794433594,124.013320922852,243.060028076172,289.062835693359,193.035140991211,261.025024414062,113.0224609375,194.045974731445,150.056365966797,93.0344390869141,164.071746826172,232.05712890625,147.043182373047,308.098724365234,170.045913696289,87.00669488,151.026748657227,219.011009216309,108.018569946289,194.046203613281,150.055084228516,100.00373840332,93.0348281860352,283.066528320312,351.051483154297,151.026550292969,174.041717529297,242.024932861328,130.051025390625,114.016773223877,159.06494140625,115.073883056641,97.0626029968262,173.081771850586,195.062713623047,111.079132080078,181.048645019531,249.037399291992,137.052944175,122.033576965332,165.05500793457,147.044326782227,308.075836181641,330.05517578125,215.114837646484,131.081787109375,129.102630615234,191.019058227539,173.009841918945,111.008110046387,154.999496459961,192.066284179688,74.0228576660156,151.040054321289,219.023345947266,107.047775268555,137.023559570312,93.0337829589844,129.019302368164,85.0268363952637,173.009735107422,129.017402648926,85.0270385742188
"../Converted/U_RNEG_mzML/ALZ_RNEG_ToF03_U8W47_LTR.mzML",195.049621582031,391.107086181641,180.029586791992,137.023651123047,153.017036910017,135.005813598633,109.027648925781,153.019241333008,109.028038024902,187.097625732422,209.079559326172,125.096702575684,97.063606262207,204.066619873047,186.054901123047,158.058303833008,142.063568115234,135.031951904297,92.0260162353516,180.066329956055,248.051467895508,163.038330078125,131.035385131836,199.020431518555,87.0447006225586,187.072814941406,169.059371948242,145.060363769531,127.049369812012,125.070217132568,326.084289550781,675.156188964844,150.055740356445,175.024658203125,113.022994995117,218.103973388672,286.089477539062,146.081909179688,88.0395050048828,367.152960822977,435.13947281,96.9585456,137.0224609375,93.0335540771484,175.023620605469,157.014114379883,167.018905639648,357.03076171875,124.013366699219,243.062255859375,289.062713623047,193.035140991211,261.025024414062,113.0224609375,194.046585083008,150.056854248047,93.0342483520508,164.071014404297,232.057586669922,147.043975830078,308.098205566406,170.044586181641,87.00669488,151.026885986328,219.013931274414,108.020530700684,194.046127319336,150.054641723633,100.004081726074,93.0339584350586,283.066528320312,351.052215576172,151.025054931641,174.041549682617,242.024917602539,130.051177978516,114.016773223877,159.06494140625,115.073883056641,97.0626029968262,173.082458496094,195.06428527832,111.078498840332,181.050308227539,249.03776550293,137.052944175,122.033180236816,165.055419921875,147.041297912598,308.076995849609,330.0550491,215.113754272461,131.081420898438,129.103515625,191.019058227539,173.009735107422,111.008140563965,154.999160766602,192.064636230469,74.0237426757812,151.040252685547,219.026641845703,107.047775268555,137.023910522461,93.0337829589844,129.017578125,85.0271682739258,173.009552001953,129.017402648926,85.0291213989258
"../Converted/U_RNEG_mzML/ALZ_RNEG_ToF03_U8W48_SR.mzML",195.05012512207,391.112915039062,180.029663085938,137.024291992188,153.017036910017,135.007736206055,109.027364565,153.019561767578,109.028038024902,187.097885131836,209.079391479492,125.097244262695,97.0629692077637,204.066833496094,186.05500793457,158.059448242188,142.063446044922,135.03239440918,92.0236511230469,180.066345214844,248.051528930664,163.039367675781,131.035552978516,199.021453857422,87.0447082519531,187.073684692383,169.059188842773,145.059524536133,127.051208496094,125.070217132568,326.084289550781,675.157165527344,150.056991577148,175.024673461914,113.022956848145,218.103775024414,286.089263916016,146.0810546875,88.0391616821289,367.152960822977,435.13947281,96.9585456,137.024551391602,93.0348129272461,175.024887084961,157.014663696289,167.018905639648,357.029174804688,124.013168334961,243.059234619141,289.064117431641,193.035140991211,261.025024414062,113.0224609375,194.045974731445,150.056884765625,93.0337181091309,164.071838378906,232.056564331055,147.043182373047,308.098937988281,170.043807983398,87.00669488,151.026672363281,219.011009216309,108.018829345703,194.046768188477,150.055694580078,100.004051208496,93.0333633422852,283.067535400391,351.052703857422,151.026275634766,174.041976928711,242.024810791016,130.050033569336,114.016773223877,159.06494140625,115.074310302734,97.0626029968262,173.082855224609,195.064361572266,111.078498840332,181.049240112305,249.035873413086,137.052944175,122.033169475,165.054534912109,147.041297912598,308.077453613281,330.0550491,215.111755371094,131.081085205078,129.102737426758,191.019058227539,173.010009765625,111.008995056152,154.999694824219,192.066833496094,74.0228576660156,151.038627624512,219.023178100586,107.047775268555,137.023056030273,93.0349655151367,129.020065307617,85.0274200439453,173.009689331055,129.017402648926,85.0270385742188
"../Converted/U_RNEG_mzML/ALZ_RNEG_ToF03_U8W59_LTR.mzML",195.05012512207,391.111572265625,180.028411865234,137.023574829102,153.017036910017,135.006103515625,109.027549743652,153.019287109375,109.028038024902,187.097747802734,209.079666137695,125.096580505371,97.0629692077637,204.067153930664,186.054351806641,158.05827331543,142.066070556641,135.031967163086,92.025520324707,180.064315795898,248.052642822266,163.038192749023,131.035629272461,199.019393920898,87.0446624755859,187.07209777832,169.059371948242,145.061599731445,127.050827026367,125.070217132568,326.084289550781,675.159057617188,150.056442260742,175.024124145508,113.023582458496,218.104080200195,286.090209960938,146.080017089844,88.0392990112305,367.152960822977,435.13947281,96.9585456,137.023849487305,93.0334701538086,175.022445678711,157.013610839844,167.018905639648,357.030334472656,124.013465881348,243.062072753906,289.062683105469,193.035140991211,261.025024414062,113.0224609375,194.046646118164,150.056701660156,93.0337181091309,164.071166992188,232.056793212891,147.043823242188,308.094848632812,170.042816162109,87.0081787109375,151.026977539062,219.012924194336,108.018951416016,194.046661376953,150.054809570312,100.004531860352,93.0333633422852,283.06640625,351.053649902344,151.026306152344,174.041229248047,242.023422241211,130.050094604492,114.016773223877,159.06494140625,115.073883056641,97.0626029968262,173.082305908203,195.064102172852,111.078498840332,181.04736328125,249.0361328125,137.05387878418,122.033169475,165.055328369141,147.041297912598,308.076812744141,330.0550491,215.115158081055,131.080642700195,129.103179931641,191.019821166992,173.009353637695,111.007591247559,154.997787475586,192.067123413086,74.0228576660156,151.040649414062,219.026458740234,107.047775268555,137.024429321289,93.0342178344727,129.018417358398,85.0268363952637,173.009689331055,129.017402648926,85.0270385742188
"../Converted/U_RNEG_mzML/ALZ_RNEG_ToF03_U8W60_SR.mzML",195.05012512207,391.111663818359,180.027709960938,137.022018432617,153.017036910017,135.005774883,109.028480529785,153.019653320312,109.028038024902,187.098052978516,209.078979492188,125.09602355957,97.0629692077637,204.066467285156,186.054595947266,158.059188842773,142.063293457031,135.031799316406,92.024658203125,180.066452026367,248.051956176758,163.040161132812,131.035415649414,199.019668579102,87.0447158813477,187.072982788086,169.061935424805,145.061233520508,127.051254272461,125.070434570312,326.084289550781,675.161499023438,150.056137084961,175.02507019043,113.023620605469,218.103668212891,286.088958740234,146.082168579102,88.0389556884766,367.157623291016,435.13947281,96.9585456,137.024780273438,93.0347671508789,175.023895263672,157.014572143555,167.018905639648,357.0283203125,124.014190673828,243.061325073242,289.063995361328,193.035858154297,261.025024414062,113.0224609375,194.045974731445,150.056823730469,93.0341949462891,164.072113037109,232.057098388672,147.044006347656,308.098175048828,170.042633056641,87.0088195800781,151.026351928711,219.009714805,108.018936157227,194.046142578125,150.055694580078,100.003433227539,93.0346603393555,283.067230224609,351.054168701172,151.02668762207,174.041458129883,242.024032592773,130.05078125,114.016334533691,159.06494140625,115.076126098633,97.0626029968262,173.082214355469,195.063751220703,111.078498840332,181.047988891602,249.037506103516,137.052944175,122.03337097168,165.054428100586,147.041297912598,308.0732421875,330.057983398438,215.111785888672,131.080322265625,129.102462768555,191.019058227539,173.009658813477,111.009208679199,154.999160766602,192.066375732422,74.0228576660156,151.039794921875,219.023635864258,107.049728393555,137.023773193359,93.0337829589844,129.019607543945,85.0272979736328,173.009323120117,129.017402648926,85.0270385742188
"../Converted/U_RNEG_mzML/ALZ_RNEG_ToF03_U8W71_LTR.mzML",195.05012512207,391.110961914062,180.029357910156,137.023300170898,153.017036910017,135.006881713867,109.027435302734,153.01921081543,109.028038024902,187.097946166992,209.079040527344,125.096870422363,97.0629692077637,204.066543579102,186.055725097656,158.058441162109,142.063568115234,135.031723022461,92.0242462158203,180.065399169922,248.051635742188,163.039688110352,131.034027099609,199.01985168457,87.0453414916992,187.072647094727,169.060089111328,145.061279296875,127.050483703613,125.070381164551,326.084289550781,675.160034179688,150.055191040039,175.022338867188,113.022956848145,218.103454589844,286.090118408203,146.081695556641,88.0405120849609,367.157958984375,435.13947281,96.9585456,137.023666381836,93.0334625244141,175.022308349609,157.013397216797,167.018905639648,357.028411865234,124.013442993164,243.059158325195,289.063049316406,193.035140991211,261.025024414062,113.022422790527,194.046539306641,150.056518554688,93.0336380004883,164.071823120117,232.056915283203,147.043182373047,308.097015380859,170.043182373047,87.00669488,151.026565551758,219.010452270508,108.019668579102,194.045974731445,150.055236816406,100.004341125488,93.034423828125,283.064300537109,351.052276611328,151.024826049805,174.040878295898,242.027252197266,130.04997253418,114.016773223877,159.06494140625,115.073883056641,97.0626029968262,173.082641601562,195.064163208008,111.078498840332,181.04850769043,249.03776550293,137.052944175,122.033638000488,165.053726196289,147.0419921875,308.074523925781,330.057342529297,215.113189697266,131.082595825195,129.102890014648,191.019912719727,173.009033203125,111.008499145508,154.998977661133,192.064651489258,74.0228576660156,151.040420532227,219.027282714844,107.048439025879,137.022689819336,93.0337829589844,129.018676757812,85.0268363952637,173.009368896484,129.01606473,85.0270385742188
"../Converted/U_RNEG_mzML/ALZ_RNEG_ToF03_U8W72_SR.mzML",195.05012512207,391.112243652344,180.029479980469,137.024078369141,153.017036910017,135.006118774414,109.027542114258,153.01936340332,109.028038024902,187.097579956055,209.080062866211,125.096473693848,97.0629692077637,204.067276000977,186.05451965332,158.058013916016,142.063507080078,135.031982421875,92.0253601074219,180.066329956055,248.050384521484,163.039886474609,131.035293579102,199.019073486328,87.0439376831055,187.073837280273,169.059371948242,145.060646057129,127.049209594727,125.070217132568,326.084289550781,675.156616210938,150.056793212891,175.025283813477,113.023246765137,218.103713989258,286.090057373047,146.080627441406,88.0404205322266,367.157531738281,435.13947281,96.9585456,137.02473449707,93.0345687866211,175.024536132812,157.014068603516,167.021575927734,357.029846191406,124.015151977539,243.059051513672,289.063598632812,193.036651611328,261.025024414062,113.0224609375,194.045974731445,150.056991577148,93.0337181091309,164.071502685547,232.057067871094,147.04280090332,308.098724365234,170.046005249023,87.00669488,151.02717590332,219.009714805,108.019500732422,194.046630859375,150.052749633789,100.004905700684,93.0347137451172,283.066436767578,351.053558349609,151.026641845703,174.041946411133,242.025985717773,130.05012512207,114.016773223877,159.06494140625,115.073883056641,97.0626029968262,173.08235168457,195.064086914062,111.078498840332,181.049118041992,249.037399291992,137.053939819336,122.033169475,165.053314208984,147.041297912598,308.076904296875,330.055969238281,215.112609863281,131.081329345703,129.1044921875,191.019058227539,173.010116577148,111.008529663086,154.999710083008,192.066497802734,74.0228576660156,151.040512084961,219.024505615234,107.047775268555,137.024719238281,93.0337829589844,129.018737792969,85.0268363952637,173.010208129883,129.017402648926,85.0270385742188
"../Converted/U_RNEG_mzML/ALZ_RNEG_ToF03_U8W83_LTR.mzML",195.05012512207,391.111236572266,180.028961181641,137.023086547852,153.017036910017,135.005798339844,109.027557373047,153.019058227539,109.028038024902,187.098114013672,209.079971313477,125.097076416016,97.062614440918,204.066940307617,186.056243896484,158.059432983398,142.063674926758,135.031326293945,92.024772644043,180.066345214844,248.050582885742,163.040420532227,131.03547668457,199.018814086914,87.0442428588867,187.073059082031,169.058898925781,145.060791015625,127.05101776123,125.070217132568,326.084320068359,675.158996582031,150.056457519531,175.023742675781,113.022666931152,218.103759765625,286.089996337891,146.081558227539,88.0397033691406,367.158050537109,435.13947281,96.9585456,137.023681640625,93.0335235595703,175.0224609375,157.014495849609,167.018905639648,357.027313232422,124.014556884766,243.059219360352,289.062957763672,193.035140991211,261.025024414062,113.02230464,194.04638671875,150.056625366211,93.0347747802734,164.071395874023,232.056564331055,147.043182373047,308.09765625,170.045043945312,87.00669488,151.026672363281,219.011581420898,108.020065307617,194.045974731445,150.055206298828,100.004486083984,93.0344390869141,283.066772460938,351.053161621094,151.025955200195,174.041259765625,242.026092529297,130.048233032227,114.016773223877,159.06494140625,115.073883056641,97.0626029968262,173.082412719727,195.063980102539,111.078498840332,181.048156738281,249.033355712891,137.053146362305,122.034034729004,165.0556640625,147.044937133789,308.075836181641,330.058654785156,215.112747192383,131.081817626953,129.102798461914,191.020294189453,173.009628295898,111.007583618164,154.999099731445,192.065872192383,74.0227508544922,151.040191650391,219.0234375,107.047775268555,137.023452758789,93.0337829589844,129.018615722656,85.0268363952637,173.009490966797,129.019622802734,85.0288848876953
"../Converted/U_RNEG_mzML/ALZ_RNEG_ToF03_U8W84_SR.mzML",195.05012512207,391.1123046875,180.02912902832,137.024032592773,153.017036910017,135.006149291992,109.027488708496,153.019836425781,109.029312133789,187.098205566406,209.079406738281,125.097511291504,97.0629692077637,204.066925048828,186.056060791016,158.058807373047,142.064010620117,135.032135009766,92.0241928100586,180.065979003906,248.051528930664,163.040222167969,131.035629272461,199.017654418945,87.0448913574219,187.072906494141,169.06037902832,145.061859130859,127.050415039062,125.071502685547,326.084289550781,675.156799316406,150.056549072266,175.024490356445,113.02367401123,218.103790283203,286.088714599609,146.081359863281,88.0394058227539,367.157745361328,435.13947281,96.9585456,137.024688720703,93.0331573486328,175.024993896484,157.0146484375,167.018905639648,357.029541015625,124.013153076172,243.058853149414,289.065155029297,193.035140991211,261.025024414062,113.0224609375,194.045974731445,150.056854248047,93.0337181091309,164.07194519043,232.057510375977,147.043182373047,308.098236083984,170.042724609375,87.00669488,151.026321411133,219.009714805,108.018692016602,194.046401977539,150.054641723633,100.003555297852,93.0333633422852,283.066497802734,351.052185058594,151.026977539062,174.041656494141,242.026000976562,130.051025390625,114.016773223877,159.06494140625,115.073905944824,97.0626029968262,173.082641601562,195.064086914062,111.078498840332,181.049057006836,249.033874511719,137.052944175,122.033169475,165.054702758789,147.041297912598,308.077239990234,330.055999755859,215.112457275391,131.081192016602,129.104400634766,191.019058227539,173.009353637695,111.00855255127,154.999206542969,192.066589355469,74.0228576660156,151.039413452148,219.023025512695,107.048698425293,137.02392578125,93.0337829589844,129.019592285156,85.0288162231445,173.010009765625,129.01606473,85.0270385742188
"../Converted/U_RNEG_mzML/ALZ_RNEG_ToF03_U8W95_LTR.mzML",195.05012512207,391.112518310547,180.029876708984,137.023956298828,153.017036910017,135.005859375,109.02766418457,153.019439697266,109.028038024902,187.098037719727,209.080093383789,125.097602844238,97.0639724731445,204.065536499023,186.055603027344,158.058288574219,142.063568115234,135.03173828125,92.0252456665039,180.066497802734,248.052459716797,163.039779663086,131.033950805664,199.021820068359,87.0437622070312,187.072906494141,169.0576171875,145.06071472168,127.050453186035,125.070217132568,326.084289550781,675.163513183594,150.057022094727,175.023956298828,113.023910522461,218.104202270508,286.090148925781,146.081924438477,88.0394058227539,367.158599853516,435.13947281,96.9585456,137.024810791016,93.0326309204102,175.023254394531,157.012878417969,167.018905639648,357.029754638672,124.015075683594,243.061721801758,289.064025878906,193.035140991211,261.025024414062,113.0224609375,194.04670715332,150.05696105957,93.0337181091309,164.071563720703,232.057678222656,147.045440673828,308.097747802734,170.04248046875,87.00669488,151.026931762695,219.011009216309,108.020278930664,194.046081542969,150.055465698242,100.004592895508,93.0347137451172,283.064971923828,351.052368164062,151.026245117188,174.041732788086,242.027374267578,130.050689697266,114.016773223877,159.06494140625,115.07462310791,97.0626029968262,173.082595825195,195.062927246094,111.078498840332,181.047470092773,249.036163330078,137.052944175,122.033169475,165.054840087891,147.042190551758,308.077789306641,330.0550491,215.115524291992,131.080856323242,129.103759765625,191.019058227539,173.009979248047,111.007743835449,154.999588012695,192.065902709961,74.0228576660156,151.040618896484,219.023651123047,107.047775268555,137.024917602539,93.0337829589844,129.01953125,85.0268363952637,173.009872436523,129.017402648926,85.0270385742188
"../Converted/U_RNEG_mzML/ALZ_RNEG_ToF03_U8W96_SR.mzML",195.05012512207,391.111999511719,180.029190063477,137.024139404297,153.017036910017,135.007125854492,109.027526855469,153.019470214844,109.029098510742,187.098327636719,209.080032348633,125.096565246582,97.0629692077637,204.067001342773,186.054763793945,158.057998657227,142.063034057617,135.031875610352,92.0252532958984,180.065963745117,248.051528930664,163.038848876953,131.034790039062,199.020111083984,87.0445556640625,187.073181152344,169.059371948242,145.062026977539,127.051567077637,125.070217132568,326.084289550781,675.158874511719,150.05680847168,175.024871826172,113.024055480957,218.103744506836,286.090728759766,146.080764770508,88.0401763916016,367.157836914062,435.13947281,96.9585456,137.024826049805,93.0349502563477,175.024536132812,157.014511108398,167.018905639648,357.027740478516,124.013336181641,243.061935424805,289.063171386719,193.036193847656,261.025024414062,113.022308349609,194.045974731445,150.056823730469,93.0330963134766,164.072082519531,232.058471679688,147.043182373047,308.097961425781,170.043090820312,87.00669488,151.026641845703,219.009714805,108.020301818848,194.046203613281,150.054046630859,100.004325866699,93.0346755981445,283.066558837891,351.0546875,151.02702331543,174.041458129883,242.026168823242,130.049682617188,114.017547607422,159.06494140625,115.073883056641,97.0642547607422,173.082412719727,195.063140869141,111.078498840332,181.046936035156,249.037338256836,137.052944175,122.033653259277,165.054748535156,147.043182373047,308.076049804688,330.0550491,215.11457824707,131.081344604492,129.102554321289,191.019058227539,173.009628295898,111.008926391602,154.998992919922,192.066513061523,74.0230178833008,151.039779663086,219.023284912109,107.047775268555,137.023391723633,93.0337829589844,129.019271850586,85.0268363952637,173.010025024414,129.017402648926,85.0270385742188
"../Converted/U_RNEG_mzML/ALZ_RNEG_ToF03_U2W11_LTR.mzML",195.05241394043,391.111785888672,180.029342651367,137.023559570312,153.019577026367,135.005783081055,109.02774810791,153.019393920898,109.028038024902,187.097946166992,209.078796386719,125.095252990723,97.0629692077637,204.066467285156,186.055130004883,158.057632446289,142.063568115234,135.031799316406,92.0257339477539,180.066513061523,248.050933837891,163.040908813477,131.035308837891,199.018585205078,87.0454559326172,187.0732421875,169.059371948242,145.061340332031,127.049613952637,125.072021484375,326.084289550781,675.16357421875,150.056335449219,175.021667480469,113.023315429688,218.103103637695,286.090515136719,146.080413818359,88.0404815673828,367.158660888672,435.13947281,96.9585456,137.023101806641,93.0328674316406,175.023635864258,157.013153076172,167.018905639648,357.030181884766,124.014350891113,243.060302734375,289.063079833984,193.035140991211,261.025024414062,113.02230464,194.04638671875,150.056610107422,93.0337524414062,164.07145690918,232.057495117188,147.043075561523,308.097778320312,170.043670654297,87.00669488,151.02653503418,219.013671875,108.019836425781,194.046447753906,150.054504394531,100.004135131836,93.0343704223633,283.066101074219,351.053863525391,151.026748657227,174.041427612305,242.024124145508,130.05012512207,114.016773223877,159.06494140625,115.073883056641,97.065299987793,173.082046508789,195.06413269043,111.078498840332,181.050033569336,249.037719726562,137.052944175,122.033169475,165.055511474609,147.041366577148,308.075805664062,330.0550491,215.112213134766,131.082870483398,129.102615356445,191.020416259766,173.009780883789,111.008972167969,154.99919128418,192.065979003906,74.0228576660156,151.039978027344,219.023300170898,107.047676086426,137.023742675781,93.0337829589844,129.019683837891,85.0268363952637,173.009170532227,129.017402648926,85.0270385742188
"../Converted/U_RNEG_mzML/ALZ_RNEG_ToF03_U2W12_SR.mzML",195.05012512207,391.109191894531,180.027923583984,137.022003173828,153.018890380859,135.006271362305,109.02774810791,153.017761230469,109.028038024902,187.096969604492,209.07893371582,125.096054077148,97.0628280639648,204.065841674805,186.055099487305,158.057723999023,142.065673828125,135.030853271484,92.0239105224609,180.06559753418,248.051696777344,163.039245605469,131.034286499023,199.017227172852,87.0437545776367,187.07243347168,169.061569213867,145.060302734375,127.050758361816,125.071624755859,326.084289550781,675.160766601562,150.056182861328,175.024490356445,113.022567749023,218.103240966797,286.089080810547,146.0810546875,88.0387725830078,367.157470703125,435.13947281,96.9585456,137.02409362793,93.0337371826172,175.023681640625,157.014205932617,167.018905639648,357.031127929688,124.013771057129,243.060073852539,289.063201904297,193.035629272461,261.025024414062,113.024536132812,194.045974731445,150.056259155273,93.0343704223633,164.070709228516,232.057067871094,147.043182373047,308.097106933594,170.043090820312,87.0081634521484,151.026214599609,219.011009216309,108.019577026367,194.046005249023,150.053146362305,100.002830505371,93.0342636108398,283.066833496094,351.052612304688,151.025497436523,174.041152954102,242.026092529297,130.048965454102,114.017379760742,159.06494140625,115.076110839844,97.0626029968262,173.081756591797,195.062316894531,111.080429077148,181.047012329102,249.037750244141,137.052944175,122.034103393555,165.054565429688,147.043579101562,308.076202392578,330.058227539062,215.112762451172,131.080551147461,129.103149414062,191.019058227539,173.009033203125,111.00895690918,154.998641967773,192.066040039062,74.0233535766602,151.039764404297,219.024520874023,107.047775268555,137.023529052734,93.0337829589844,129.018768310547,85.0268363952637,173.009368896484,129.017402648926,85.0270385742188
"../Converted/U_RNEG_mzML/ALZ_RNEG_ToF03_U2W23_LTR.mzML",195.049667358398,391.111755371094,180.029067993164,137.023468017578,153.019729614258,135.00602722168,109.029571533203,153.019744873047,109.028038024902,187.098007202148,209.078353881836,125.096313476562,97.062873840332,204.065811157227,186.055374145508,158.058685302734,142.063674926758,135.031997680664,92.0257568359375,180.066375732422,248.05192565918,163.037734985352,131.035385131836,199.020401000977,87.0452651977539,187.072631835938,169.059371948242,145.059020996094,127.051322937012,125.070217132568,326.084289550781,675.158996582031,150.056579589844,175.02458190918,113.022727966309,218.103881835938,286.089904785156,146.080078125,88.0396041870117,367.157836914062,435.13947281,96.9585456,137.022476196289,93.0337905883789,175.022750854492,157.014144897461,167.018905639648,357.029541015625,124.015060424805,243.062149047852,289.064605712891,193.035140991211,261.025024414062,113.0224609375,194.046157836914,150.056411743164,93.0337181091309,164.071670532227,232.057098388672,147.043182373047,308.098236083984,170.042526245117,87.00669488,151.025665283203,219.01123046875,108.019149780273,194.046279907227,150.055694580078,100.003967285156,93.0348052978516,283.067138671875,351.049926757812,151.02587890625,174.04133605957,242.025665283203,130.050506591797,114.016773223877,159.06494140625,115.073883056641,97.0626029968262,173.08235168457,195.064102172852,111.078498840332,181.047790527344,249.036849975586,137.052963256836,122.035003662109,165.054702758789,147.041297912598,308.075897216797,330.0550491,215.113327026367,131.080764770508,129.103057861328,191.020355224609,173.009826660156,111.007614135742,154.999221801758,192.064590454102,74.0228576660156,151.040191650391,219.025054931641,107.047775268555,137.022262573242,93.0337829589844,129.019104003906,85.0268363952637,173.009475708008,129.017402648926,85.0270385742188
"../Converted/U_RNEG_mzML/ALZ_RNEG_ToF03_U2W24_SR.mzML",195.05012512207,391.111846923828,180.028854370117,137.023986816406,153.017036910017,135.006530761719,109.027458190918,153.019866943359,109.028038024902,187.098419189453,209.080047607422,125.097473144531,97.0629692077637,204.066864013672,186.055404663086,158.061111450195,142.064971923828,135.03205871582,92.0255126953125,180.066284179688,248.050369262695,163.039764404297,131.034393310547,199.020645141602,87.0445022583008,187.073135375977,169.059371948242,145.061340332031,127.04963684082,125.071807861328,326.084289550781,675.158996582031,150.056137084961,175.024139404297,113.02320098877,218.102584838867,286.090637207031,146.081939697266,88.0401153564453,367.158142089844,435.13947281,96.9585456,137.024642944336,93.0335311889648,175.024475097656,157.014587402344,167.018905639648,357.027862548828,124.014404296875,243.061080932617,289.063079833984,193.035751342773,261.025024414062,113.022605895996,194.045974731445,150.057006835938,93.0337219238281,164.071563720703,232.057281494141,147.043182373047,308.097473144531,170.04426574707,87.00669488,151.026718139648,219.011009216309,108.019905090332,194.046401977539,150.055206298828,100.003242492676,93.0345916748047,283.065765380859,351.05224609375,151.025451660156,174.04150390625,242.023986816406,130.049911499023,114.016773223877,159.06494140625,115.073883056641,97.0626029968262,173.082458496094,195.064102172852,111.078498840332,181.047134399414,249.036926269531,137.052944175,122.033638000488,165.053497314453,147.041297912598,308.077117919922,330.057006835938,215.115447998047,131.080764770508,129.102966308594,191.019058227539,173.009490966797,111.00944519043,154.999221801758,192.064605712891,74.0231170654297,151.039672851562,219.024673461914,107.047775268555,137.023086547852,93.0346832275391,129.019470214844,85.0273590087891,173.009841918945,129.017402648926,85.0270385742188
"../Converted/U_RNEG_mzML/ALZ_RNEG_ToF03_U2W35_LTR.mzML",195.050994873047,391.112396240234,180.029373168945,137.023681640625,153.019149780273,135.005774883,109.02742767334,153.019927978516,109.028038024902,187.097930908203,209.078979492188,125.09725189209,97.0629692077637,204.06689453125,186.054473876953,158.059799194336,142.063339233398,135.031646728516,92.0251235961914,180.066452026367,248.053359985352,163.040405273438,131.034301757812,199.020690917969,87.044075012207,187.072998046875,169.059371948242,145.061187744141,127.05126953125,125.070152282715,326.084289550781,675.163269042969,150.056243896484,175.024307250977,113.022720336914,218.103454589844,286.090423583984,146.081634521484,88.0394058227539,367.152960822977,435.13947281,96.9585456,137.024215698242,93.0340270996094,175.02294921875,157.014526367188,167.018905639648,357.029571533203,124.014846801758,243.062057495117,289.063262939453,193.035140991211,261.025024414062,113.0224609375,194.046447753906,150.056625366211,93.0337181091309,164.069976806641,232.057067871094,147.043182373047,308.098663330078,170.045135498047,87.0075454711914,151.026489257812,219.012191772461,108.020133972168,194.046539306641,150.055038452148,100.004112243652,93.0327072143555,283.065185546875,351.053558349609,151.026489257812,174.041702270508,242.026657104492,130.051254272461,114.016773223877,159.06494140625,115.073883056641,97.0626029968262,173.082595825195,195.064117431641,111.078498840332,181.047332763672,249.03759765625,137.053039550781,122.033546447754,165.05517578125,147.041213989258,308.075286865234,330.057922363281,215.113098144531,131.081085205078,129.102600097656,191.020156860352,173.010055541992,111.009086608887,154.999282836914,192.066650390625,74.024284362793,151.039733886719,219.022933959961,107.047775268555,137.021987915039,93.0337829589844,129.017135620117,85.0268363952637,173.009552001953,129.017402648926,85.0270385742188
"../Converted/U_RNEG_mzML/ALZ_RNEG_ToF03_U2W36_SR.mzML",195.05012512207,391.112365722656,180.027725219727,137.023635864258,153.019348144531,135.006164550781,109.027435302734,153.019927978516,109.028038024902,187.098007202148,209.079772949219,125.095962524414,97.0629692077637,204.066909790039,186.054946899414,158.059036254883,142.063537597656,135.032104492188,92.025634765625,180.06623840332,248.053436279297,163.038864135742,131.035659790039,199.020919799805,87.0446472167969,187.073287963867,169.059371948242,145.062622070312,127.049919128418,125.069686889648,326.084289550781,675.162109375,150.055923461914,175.023315429688,113.023170471191,218.103530883789,286.089904785156,146.082336425781,88.0394058227539,367.158782958984,435.13947281,96.9585456,137.025009155273,93.0332870483398,175.02360534668,157.014144897461,167.018905639648,357.028472900391,124.013511657715,243.061645507812,289.064117431641,193.036209106445,261.025024414062,113.02230464,194.045974731445,150.056976318359,93.0337181091309,164.071655273438,232.057342529297,147.042831420898,308.098449707031,170.043869018555,87.00669488,151.026489257812,219.011009216309,108.020111083984,194.046432495117,150.054489135742,100.004104614258,93.0333633422852,283.066528320312,351.050384521484,151.026992797852,174.041702270508,242.02668762207,130.050521850586,114.016773223877,159.06494140625,115.073883056641,97.0626029968262,173.082229614258,195.062576293945,111.078498840332,181.04768371582,249.037872314453,137.052944175,122.03392791748,165.055572509766,147.041297912598,308.076843261719,330.0550491,215.115661621094,131.082565307617,129.103515625,191.019058227539,173.009887695312,111.008728027344,154.999359130859,192.065994262695,74.0228576660156,151.039962768555,219.023391723633,107.047775268555,137.023941040039,93.0343627929688,129.019165039062,85.0268363952637,173.009887695312,129.017402648926,85.0270385742188
"../Converted/U_RNEG_mzML/ALZ_RNEG_ToF03_U2W47_LTR.mzML",195.049743652344,391.112213134766,180.029159545898,137.023880004883,153.018997192383,135.006225585938,109.028617858887,153.019744873047,109.028038024902,187.098449707031,209.079711914062,125.096946716309,97.0629692077637,204.064987182617,186.054473876953,158.059555053711,142.063568115234,135.031784057617,92.0247116088867,180.06640625,248.050384521484,163.039291381836,131.035537719727,199.019882202148,87.0452423095703,187.073348999023,169.059814453125,145.060791015625,127.050102233887,125.070217132568,326.084289550781,675.159484863281,150.056274414062,175.024368286133,113.022346496582,218.104019165039,286.090362548828,146.081649780273,88.0394058227539,367.158355712891,435.13947281,96.9585456,137.023010253906,93.0345153808594,175.023132324219,157.014007568359,167.018905639648,357.029968261719,124.01342010498,243.059631347656,289.064086914062,193.035140991211,261.025024414062,113.0224609375,194.046722412109,150.056503295898,93.0328140258789,164.071426391602,232.057174682617,147.043182373047,308.097961425781,170.044174194336,87.00669488,151.024948120117,219.009714805,108.020629882812,194.046310424805,150.054275512695,100.003814697266,93.0333633422852,283.066741943359,351.051849365234,151.024322509766,174.041488647461,242.023483276367,130.051147460938,114.016773223877,159.06494140625,115.073883056641,97.06254404,173.08235168457,195.06428527832,111.078498840332,181.049087524414,249.034881591797,137.052944175,122.033241271973,165.053070068359,147.040817260742,308.075347900391,330.055053710938,215.113647460938,131.082382202148,129.104095458984,191.020263671875,173.009872436523,111.007904052734,154.99934387207,192.065719604492,74.0228576660156,151.040679931641,219.024810791016,107.047775268555,137.024307250977,93.0337829589844,129.019088745117,85.0268363952637,173.009582519531,129.017402648926,85.0276641845703
"../Converted/U_RNEG_mzML/ALZ_RNEG_ToF03_U2W48_SR.mzML",195.05012512207,391.111724853516,180.029495239258,137.023818969727,153.019775390625,135.006210327148,109.027893066406,153.019760131836,109.028038024902,187.098342895508,209.080047607422,125.097343444824,97.0629692077637,204.066650390625,186.054397583008,158.058517456055,142.063812255859,135.032119750977,92.024658203125,180.06640625,248.050628662109,163.037704467773,131.035858154297,199.019744873047,87.0446395874023,187.073532104492,169.057922363281,145.062530517578,127.051048278809,125.070217132568,326.087554931641,675.160034179688,150.054641723633,175.024612426758,113.023551940918,218.103530883789,286.089599609375,146.081832885742,88.0394058227539,367.152960822977,435.13947281,96.9585456,137.02490234375,93.0332870483398,175.024215698242,157.014587402344,167.018905639648,357.028167724609,124.01407623291,243.062118530273,289.064270019531,193.035140991211,261.025024414062,113.022354125977,194.045974731445,150.056915283203,93.0337181091309,164.072174072266,232.057693481445,147.043182373047,308.098083496094,170.04345703125,87.0077056884766,151.026580810547,219.011009216309,108.018951416016,194.046508789062,150.05451965332,100.003753662109,93.0333633422852,283.066864013672,351.051635742188,151.024230957031,174.041458129883,242.02507019043,130.05012512207,114.016773223877,159.06494140625,115.073883056641,97.0626029968262,173.082153320312,195.064193725586,111.078498840332,181.047760009766,249.035003662109,137.052963256836,122.033169475,165.055145263672,147.041297912598,308.076049804688,330.0550491,215.113021850586,131.08186340332,129.103805541992,191.019058227539,173.009826660156,111.008811950684,154.999526977539,192.066467285156,74.0228576660156,151.040832519531,219.022827148438,107.047775268555,137.022048950195,93.0337829589844,129.018768310547,85.0268363952637,173.010055541992,129.017402648926,85.0270385742188
"../Converted/U_RNEG_mzML/ALZ_RNEG_ToF03_U2W59_LTR.mzML",195.051773071289,391.111663818359,180.028274536133,137.023864746094,153.017036910017,135.006729125977,109.028541564941,153.01953125,109.028038024902,187.098388671875,209.080368041992,125.097412109375,97.0629692077637,204.067459106445,186.054626464844,158.057815551758,142.063674926758,135.031311035156,92.0253524780273,180.066497802734,248.053359985352,163.038131713867,131.033401489258,199.020950317383,87.0439987182617,187.072998046875,169.058868408203,145.061721801758,127.049705505371,125.069999694824,326.084289550781,675.159606933594,150.056228637695,175.023910522461,113.023880004883,218.103622436523,286.089752197266,146.080352783203,88.040168762207,367.152960822977,435.13947281,96.9585456,137.025054931641,93.0330429077148,175.023086547852,157.014419555664,167.018905639648,357.030303955078,124.015739440918,243.062393188477,289.065002441406,193.035140991211,261.025024414062,113.0224609375,194.046356201172,150.056793212891,93.0343551635742,164.071685791016,232.056762695312,147.043182373047,308.096862792969,170.042465209961,87.00669488,151.026962280273,219.013336181641,108.020751953125,194.04638671875,150.054122924805,100.004432678223,93.0338897705078,283.066741943359,351.053955078125,151.023910522461,174.041519165039,242.025848388672,130.049041748047,114.016609191895,159.06494140625,115.073883056641,97.0626029968262,173.082931518555,195.064010620117,111.078338623047,181.047073364258,249.03630065918,137.052944175,122.034080505371,165.054534912109,147.041297912598,308.076446533203,330.0550491,215.114624023438,131.081085205078,129.104110717773,191.019943237305,173.009429931641,111.008018493652,154.999130249023,192.066741943359,74.0228576660156,151.040145874023,219.024200439453,107.047775268555,137.022003173828,93.0337829589844,129.019096374512,85.0268363952637,173.009567260742,129.017402648926,85.0270385742188
"../Converted/U_RNEG_mzML/ALZ_RNEG_ToF03_U2W60_SR.mzML",195.05012512207,391.111877441406,180.029357910156,137.023727416992,153.019729614258,135.00700378418,109.028617858887,153.019653320312,109.028038024902,187.098175048828,209.079849243164,125.09610748291,97.06254404,204.066543579102,186.05500793457,158.058090209961,142.06494140625,135.032073974609,92.024658203125,180.066589355469,248.051528930664,163.039962768555,131.03581237793,199.019912719727,87.0448532104492,187.072952270508,169.059371948242,145.061737060547,127.050315856934,125.070217132568,326.084289550781,675.158508300781,150.056259155273,175.024795532227,113.022956848145,218.103073120117,286.090057373047,146.081909179688,88.0394058227539,367.157165527344,435.13947281,96.9585456,137.024917602539,93.0343322753906,175.023254394531,157.014709472656,167.018905639648,357.027984619141,124.013458251953,243.059539794922,289.065551757812,193.035140991211,261.025024414062,113.0224609375,194.045974731445,150.056900024414,93.0329360961914,164.071548461914,232.05744934082,147.043182373047,308.097869873047,170.042999267578,87.00669488,151.027038574219,219.011009216309,108.019588470459,194.045883178711,150.055419921875,100.004676818848,93.0347213745117,283.065795898438,351.053131103516,151.024856567383,174.041732788086,242.024353027344,130.051483154297,114.017601013184,159.06494140625,115.075248718262,97.0626029968262,173.082366943359,195.062911987305,111.079368591309,181.048141479492,249.037719726562,137.052993774414,122.03377532959,165.054229736328,147.042221069336,308.077026367188,330.0550491,215.112106323242,131.081298828125,129.102890014648,191.019058227539,173.009948730469,111.00968170166,154.999603271484,192.065689086914,74.0226364135742,151.040328979492,219.023147583008,107.047775268555,137.023071289062,93.0337829589844,129.019927978516,85.0268363952637,173.010070800781,129.017402648926,85.0270385742188
"../Converted/U_RNEG_mzML/ALZ_RNEG_ToF03_U2W71_LTR.mzML",195.05143737793,391.11181640625,180.029586791992,137.023597717285,153.017036910017,135.006423950195,109.027801513672,153.019775390625,109.028038024902,187.097549438477,209.079223632812,125.095191955566,97.0629119873047,204.066909790039,186.05500793457,158.057693481445,142.064544677734,135.031875610352,92.024658203125,180.066146850586,248.052581787109,163.038375854492,131.035263061523,199.017532348633,87.0450820922852,187.072906494141,169.061996459961,145.061080932617,127.051261901855,125.070217132568,326.084289550781,675.159057617188,150.055816650391,175.024215698242,113.024398803711,218.10334777832,286.087219238281,146.081970214844,88.0394592285156,367.152960822977,435.13947281,96.9585456,137.023788452148,93.0339508056641,175.023635864258,157.01399230957,167.018905639648,357.030120849609,124.014190673828,243.059844970703,289.064117431641,193.035140991211,261.025024414062,113.0224609375,194.046615600586,150.056610107422,93.0345306396484,164.071426391602,232.057235717773,147.043273925781,308.096771240234,170.043380737305,87.00669488,151.026382446289,219.010025024414,108.018898010254,194.046325683594,150.056106567383,100.003158569336,93.0349044799805,283.067413330078,351.051971435547,151.025634765625,174.04150390625,242.026702880859,130.051391601562,114.018608093262,159.06494140625,115.074279785156,97.0626029968262,173.082412719727,195.064117431641,111.078392028809,181.047332763672,249.037811279297,137.052944175,122.033767700195,165.053985595703,147.041297912598,308.075531005859,330.0550491,215.113708496094,131.080596923828,129.102874755859,191.020324707031,173.009704589844,111.008232116699,154.995849609375,192.066848754883,74.0235748291016,151.040634155273,219.02326965332,107.047775268555,137.022689819336,93.0337829589844,129.018447875977,85.0278167724609,173.009307861328,129.017402648926,85.0270385742188
"../Converted/U_RNEG_mzML/ALZ_RNEG_ToF03_U2W72_SR.mzML",195.05012512207,391.111724853516,180.029174804688,137.023941040039,153.019515991211,135.006332397461,109.028076171875,153.019470214844,109.028038024902,187.097396850586,209.079025268555,125.097442626953,97.0633239746094,204.067047119141,186.054382324219,158.058029174805,142.065536499023,135.031875610352,92.0255126953125,180.066177368164,248.051162719727,163.039428710938,131.035278320312,199.019943237305,87.0444641113281,187.073348999023,169.059371948242,145.060409545898,127.049736022949,125.070217132568,326.084289550781,675.160827636719,150.056076049805,175.02424621582,113.023483276367,218.103790283203,286.090179443359,146.082321166992,88.0388946533203,367.158538818359,435.13947281,96.9585456,137.024780273438,93.0329818725586,175.023147583008,157.01496887207,167.020706176758,357.030578613281,124.015350341797,243.061645507812,289.063385009766,193.035140991211,261.025024414062,113.022506713867,194.045974731445,150.057098388672,93.0337181091309,164.071548461914,232.057922363281,147.043182373047,308.097961425781,170.045806884766,87.0090789794922,151.026794433594,219.011009216309,108.020706176758,194.04621887207,150.054748535156,100.003555297852,93.0333633422852,283.066955566406,351.054473876953,151.025268554688,174.04150390625,242.024612426758,130.049285888672,114.016773223877,159.06494140625,115.074317932129,97.0626029968262,173.082412719727,195.063735961914,111.079032897949,181.047149658203,249.035232543945,137.053115844727,122.033622741699,165.054550170898,147.041297912598,308.076721191406,330.0550491,215.112823486328,131.08039855957,129.102676391602,191.019058227539,173.010025024414,111.009796142578,154.999526977539,192.066970825195,74.0226974487305,151.039916992188,219.025085449219,107.047775268555,137.022048950195,93.0346603393555,129.019927978516,85.0271835327148,173.009994506836,129.017402648926,85.0270385742188
"../Converted/U_RNEG_mzML/ALZ_RNEG_ToF03_U2W83_LTR.mzML",195.05012512207,391.112640380859,180.029754638672,137.02424621582,153.019805908203,135.005774883,109.028907775879,153.020141601562,109.028038024902,187.09814453125,209.079391479492,125.097282409668,97.0629692077637,204.065139770508,186.054763793945,158.059478759766,142.063049316406,135.031860351562,92.024658203125,180.06689453125,248.05387878418,163.038421630859,131.035797119141,199.020294189453,87.0454788208008,187.073318481445,169.059371948242,145.062210083008,127.051132202148,125.070217132568,326.084289550781,675.164367675781,150.057067871094,175.025207519531,113.022956848145,218.104446411133,286.090759277344,146.082260131836,88.0394058227539,367.152960822977,435.13947281,96.9585456,137.023696899414,93.033073425293,175.024780273438,157.013870239258,167.018905639648,357.031036376953,124.016052246094,243.061279296875,289.06396484375,193.035140991211,261.025024414062,113.0224609375,194.046768188477,150.05729675293,93.0337181091309,164.070846557617,232.057373046875,147.043182373047,308.098266601562,170.043106079102,87.007209777832,151.027145385742,219.009714805,108.020042419434,194.046936035156,150.054489135742,100.004051208496,93.0333633422852,283.068145751953,351.049865722656,151.027191162109,174.042282104492,242.024200439453,130.05012512207,114.016773223877,159.06494140625,115.073883056641,97.0626029968262,173.082229614258,195.064483642578,111.079849243164,181.048034667969,249.034545898438,137.052963256836,122.033447265625,165.055160522461,147.041297912598,308.075866699219,330.055053710938,215.115692138672,131.081558227539,129.103668212891,191.019058227539,173.010025024414,111.007972717285,154.99951171875,192.066696166992,74.0228576660156,151.038627624512,219.027008056641,107.047394265,137.024459838867,93.0337829589844,129.018264770508,85.0268363952637,173.010284423828,129.017402648926,85.0286026000977
"../Converted/U_RNEG_mzML/ALZ_RNEG_ToF03_U2W84_SR.mzML",195.05012512207,391.112365722656,180.029693603516,137.023864746094,153.01969909668,135.006378173828,109.027709960938,153.019378662109,109.028038024902,187.098403930664,209.079650878906,125.097106933594,97.0629692077637,204.067260742188,186.054321289062,158.060821533203,142.064376831055,135.032104492188,92.024658203125,180.064559936523,248.051528930664,163.039260864258,131.035140991211,199.019775390625,87.0441360473633,187.073318481445,169.059371948242,145.062225341797,127.051078796387,125.070217132568,326.084289550781,675.163635253906,150.05632019043,175.021835327148,113.023452758789,218.103942871094,286.089904785156,146.081283569336,88.0394058227539,367.156860351562,435.13947281,96.9585456,137.023788452148,93.0332870483398,175.023849487305,157.013854980469,167.018905639648,357.030548095703,124.013679504395,243.059188842773,289.065612792969,193.035140991211,261.025024414062,113.0224609375,194.045974731445,150.057220458984,93.0337181091309,164.072326660156,232.057235717773,147.043182373047,308.098815917969,170.046478271484,87.00669488,151.027191162109,219.009714805,108.021095275879,194.046371459961,150.054489135742,100.00333404541,93.0350952148438,283.066986083984,351.051605224609,151.025985717773,174.041885375977,242.02864074707,130.05012512207,114.016773223877,159.06494140625,115.073883056641,97.0626029968262,173.082473754883,195.063949584961,111.078498840332,181.050033569336,249.037506103516,137.052944175,122.033264160156,165.055572509766,147.042907714844,308.077484130859,330.0550491,215.111923217773,131.082000732422,129.102401733398,191.019058227539,173.010269165039,111.008316040039,154.99983215332,192.067016601562,74.0228576660156,151.040771484375,219.025253295898,107.047775268555,137.022811889648,93.0349884033203,129.01985168457,85.0268363952637,173.009384155273,129.017402648926,85.0270385742188
"../Converted/U_RNEG_mzML/ALZ_RNEG_ToF03_U2W95_LTR.mzML",195.050750732422,391.111938476562,180.029403686523,137.024032592773,153.019638061523,135.006576538086,109.02766418457,153.019439697266,109.028038024902,187.098052978516,209.079223632812,125.097328186035,97.0626449584961,204.067047119141,186.054244995117,158.060501098633,142.063049316406,135.032135009766,92.0261764526367,180.066864013672,248.053009033203,163.03791809082,131.035842895508,199.017959594727,87.0445022583008,187.073287963867,169.059677124023,145.060241699219,127.049758911133,125.069847106934,326.084289550781,675.157897949219,150.056869506836,175.024703979492,113.024063110352,218.103958129883,286.090393066406,146.080871582031,88.0394058227539,367.158203125,435.13947281,96.9585456,137.022933959961,93.0327758789062,175.023956298828,157.013000488281,167.018905639648,357.028594970703,124.013824462891,243.059509277344,289.064300537109,193.035140991211,261.025024414062,113.0224609375,194.046493530273,150.056793212891,93.0337181091309,164.071838378906,232.057205200195,147.043182373047,308.098205566406,170.04426574707,87.00669488,151.026794433594,219.009826660156,108.019588470459,194.046783447266,150.055801391602,100.003921508789,93.0334930419922,283.065795898438,351.053253173828,151.02375793457,174.041778564453,242.024322509766,130.05012512207,114.016773223877,159.06494140625,115.073883056641,97.0626029968262,173.082550048828,195.063705444336,111.078498840332,181.047988891602,249.036376953125,137.052944175,122.034568786621,165.052825927734,147.041297912598,308.076263427734,330.058166503906,215.11344909668,131.080490112305,129.103088378906,191.020767211914,173.010009765625,111.008834838867,154.999526977539,192.065979003906,74.0228576660156,151.040740966797,219.023574829102,107.047394265,137.023330688477,93.0332870483398,129.019096374512,85.0268363952637,173.008926391602,129.017402648926,85.0270385742188
"../Converted/U_RNEG_mzML/ALZ_RNEG_ToF03_U2W96_SR.mzML",195.05012512207,391.109893798828,180.029541015625,137.024276733398,153.020050048828,135.006469726562,109.02791595459,153.020095825195,109.028038024902,187.097961425781,209.080307006836,125.095726013184,97.0629692077637,204.067291259766,186.055053710938,158.059936523438,142.063568115234,135.032257080078,92.024658203125,180.066665649414,248.050735473633,163.03889465332,131.035766601562,199.021331787109,87.0446319580078,187.073593139648,169.059371948242,145.060989379883,127.051399230957,125.070217132568,326.084289550781,675.155944824219,150.057037353516,175.025177001953,113.024772644043,218.103805541992,286.090484619141,146.081100463867,88.0394058227539,367.157684326172,435.13947281,96.9585456,137.025085449219,93.0340957641602,175.02311706543,157.014373779297,167.018905639648,357.031127929688,124.013481140137,243.062606811523,289.065338134766,193.035140991211,261.025024414062,113.0224609375,194.045974731445,150.057403564453,93.0337181091309,164.07258605957,232.058090209961,147.042831420898,308.097930908203,170.042556762695,87.0070190429688,151.027099609375,219.011009216309,108.019588470459,194.046630859375,150.054489135742,100.004264831543,93.0333633422852,283.067565917969,351.050750732422,151.026260375977,174.041915893555,242.027450561523,130.05012512207,114.016773223877,159.06494140625,115.073883056641,97.0626029968262,173.082885742188,195.062942504883,111.078498840332,181.049377441406,249.037582397461,137.05322265625,122.033169475,165.054214477539,147.041259765625,308.077484130859,330.0550491,215.114456176758,131.083419799805,129.102142333984,191.019058227539,173.010116577148,111.009590148926,154.999481201172,192.067016601562,74.0228576660156,151.038009643555,219.024169921875,107.047775268555,137.024185180664,93.0337829589844,129.019958496094,85.0268363952637,173.010330200195,129.017402648926,85.0270385742188
"../Converted/U_RNEG_mzML/ALZ_RNEG_ToF03_U3W11_LTR.mzML",195.051040649414,391.112640380859,180.029495239258,137.023620605469,153.019607543945,135.005783081055,109.028213500977,153.019729614258,109.028038024902,187.098205566406,209.07942199707,125.097602844238,97.0637664794922,204.067443847656,186.054824829102,158.059463500977,142.064468383789,135.03173828125,92.0247573852539,180.066665649414,248.052703857422,163.040374755859,131.035415649414,199.019393920898,87.0452423095703,187.073364257812,169.059371948242,145.059173583984,127.051399230957,125.070217132568,326.084289550781,675.157592773438,150.056655883789,175.025527954102,113.023193359375,218.104156494141,286.090850830078,146.080642700195,88.0406341552734,367.158416748047,435.13947281,96.9585456,137.023178100586,93.0337982177734,175.024307250977,157.015228271484,167.018905639648,357.029418945312,124.014198303223,243.061813354492,289.063079833984,193.035140991211,261.025024414062,113.023948669434,194.046920776367,150.056869506836,93.0337181091309,164.07145690918,232.057800292969,147.043182373047,308.098175048828,170.045227050781,87.00669488,151.027206420898,219.0107421875,108.020126342773,194.046905517578,150.054489135742,100.002906799316,93.0333633422852,283.068450927734,351.050842285156,151.02668762207,174.042114257812,242.0283203125,130.05012512207,114.017227172852,159.06494140625,115.073883056641,97.0626029968262,173.082580566406,195.064453125,111.0783338,181.048843383789,249.038330078125,137.053253173828,122.03337097168,165.055541992188,147.041381835938,308.074401855469,330.055053710938,215.112640380859,131.080947875977,129.10417175293,191.019058227539,173.009994506836,111.009651184082,154.999526977539,192.06640625,74.0228576660156,151.038627624512,219.024398803711,107.047775268555,137.02360534668,93.0336227416992,129.019561767578,85.0268363952637,173.008895874023,129.017402648926,85.0270385742188
"../Converted/U_RNEG_mzML/ALZ_RNEG_ToF03_U3W12_SR.mzML",195.05012512207,391.112243652344,180.029510498047,137.023818969727,153.019439697266,135.006713867188,109.027938842773,153.01969909668,109.028038024902,187.097961425781,209.079437255859,125.097274780273,97.0629692077637,204.066909790039,186.055770874023,158.059799194336,142.063049316406,135.031799316406,92.0252990722656,180.065719604492,248.050369262695,163.039733886719,131.035720825195,199.02001953125,87.0449676513672,187.072723388672,169.061080932617,145.06201171875,127.049186706543,125.071517944336,326.084289550781,675.160339355469,150.055038452148,175.024871826172,113.024108886719,218.103973388672,286.088653564453,146.08186340332,88.038688659668,367.157928466797,435.13947281,96.9585456,137.024490356445,93.034309387207,175.023483276367,157.014739990234,167.018905639648,357.027069091797,124.014945983887,243.059555053711,289.064239501953,193.035140991211,261.025024414062,113.02230464,194.045974731445,150.057144165039,93.0337181091309,164.072418212891,232.058059692383,147.043182373047,308.097930908203,170.043731689453,87.00669488,151.027160644531,219.009714805,108.019905090332,194.04638671875,150.055923461914,100.003608703613,93.0333633422852,283.067352294922,351.052612304688,151.026351928711,174.04133605957,242.025527954102,130.05078125,114.016773223877,159.06494140625,115.073341369629,97.0626029968262,173.082321166992,195.064071655273,111.079208374023,181.047958374023,249.03759765625,137.052944175,122.033169475,165.054641723633,147.041297912598,308.0771484375,330.0550491,215.115295410156,131.081878662109,129.102752685547,191.019058227539,173.00944519043,111.008567810059,154.999160766602,192.06559753418,74.0228729248047,151.037887573242,219.025466918945,107.047394265,137.023132324219,93.0337829589844,129.019821166992,85.0268363952637,173.010070800781,129.017402648926,85.0270385742188
"../Converted/U_RNEG_mzML/ALZ_RNEG_ToF03_U3W23_LTR.mzML",195.050170898438,391.112152099609,180.028167724609,137.023597717285,153.01904296875,135.005950927734,109.027435302734,153.019165039062,109.028038024902,187.097763061523,209.079452514648,125.096351623535,97.0629692077637,204.066192626953,186.055068969727,158.058837890625,142.064331054688,135.031982421875,92.0255661010742,180.066528320312,248.051727294922,163.040618896484,131.034851074219,199.018783569336,87.0445022583008,187.073394775391,169.057556152344,145.059722900391,127.049591064453,125.071556091309,326.084289550781,675.164306640625,150.056549072266,175.02424621582,113.022994995117,218.103424072266,286.090301513672,146.081207275391,88.0390701293945,367.157928466797,435.13947281,96.9585456,137.023529052734,93.0333099365234,175.022842407227,157.013900756836,167.021087646484,357.030609130859,124.013526916504,243.062255859375,289.065093994141,193.035140991211,261.025024414062,113.02230464,194.046401977539,150.056579589844,93.0346527099609,164.071304321289,232.058197021484,147.043182373047,308.098754882812,170.043685913086,87.00669488,151.026718139648,219.013610839844,108.018898010254,194.046401977539,150.053344726562,100.004257202148,93.0328521728516,283.067932128906,351.054992675781,151.025054931641,174.041107177734,242.027191162109,130.049758911133,114.016773223877,159.06494140625,115.073417663574,97.0626029968262,173.081619262695,195.06379699707,111.078498840332,181.047607421875,249.03727722168,137.052944175,122.033195495605,165.053253173828,147.041397094727,308.076843261719,330.055633544922,215.114837646484,131.081298828125,129.102493286133,191.019058227539,173.009750366211,111.007232666016,154.996734619141,192.064697265625,74.0226745605469,151.039749145508,219.024337768555,107.047775268555,137.022567749023,93.0337829589844,129.019012451172,85.0268363952637,173.009750366211,129.017402648926,85.0268478393555
"../Converted/U_RNEG_mzML/ALZ_RNEG_ToF03_U3W24_SR.mzML",195.05012512207,391.111450195312,180.029190063477,137.023971557617,153.019577026367,135.005996704102,109.028076171875,153.019439697266,109.028038024902,187.097793579102,209.079925537109,125.095573425293,97.0629692077637,204.065963745117,186.055419921875,158.059555053711,142.064453125,135.031707763672,92.0238723754883,180.06623840332,248.052734375,163.039779663086,131.035552978516,199.018539428711,87.0452651977539,187.073181152344,169.059371948242,145.061859130859,127.049476623535,125.070217132568,326.084289550781,675.160034179688,150.056838989258,175.024002075195,113.0234375,218.103515625,286.089904785156,146.081100463867,88.0394058227539,367.152960822977,435.13947281,96.9585456,137.024719238281,93.0332870483398,175.024536132812,157.013061523438,167.018905639648,357.030456542969,124.01375579834,243.060562133789,289.064483642578,193.035140991211,261.025024414062,113.0224609375,194.045974731445,150.056747436523,93.0345077514648,164.071578979492,232.056793212891,147.045150756836,308.096618652344,170.044143676758,87.00669488,151.027084350586,219.011009216309,108.020172119141,194.046646118164,150.054489135742,100.002571105957,93.0333633422852,283.066284179688,351.052612304688,151.023880004883,174.041687011719,242.023712158203,130.050933837891,114.018600463867,159.06494140625,115.074630737305,97.0626029968262,173.082290649414,195.063720703125,111.078498840332,181.048202514648,249.036911010742,137.052944175,122.034690856934,165.054000854492,147.041297912598,308.076934814453,330.0550491,215.114822387695,131.081909179688,129.103820800781,191.019058227539,173.009658813477,111.009483337402,154.999176025391,192.066360473633,74.0228576660156,151.040130615234,219.023132324219,107.047775268555,137.023574829102,93.0337829589844,129.019302368164,85.0268363952637,173.009643554688,129.01606473,85.0270385742188
"../Converted/U_RNEG_mzML/ALZ_RNEG_ToF03_U3W35_LTR.mzML",195.052200317383,391.111755371094,180.029586791992,137.023727416992,153.019470214844,135.005813598633,109.028465270996,153.019714355469,109.028038024902,187.09846496582,209.080032348633,125.096343994141,97.0640411376953,204.06640625,186.054244995117,158.058731079102,142.064498901367,135.03205871582,92.0254211425781,180.066299438477,248.050399780273,163.040496826172,131.035491943359,199.01936340332,87.044319152832,187.073089599609,169.059371948242,145.060989379883,127.049797058105,125.070217132568,326.084289550781,675.162170410156,150.056488037109,175.024185180664,113.022308349609,218.103668212891,286.090637207031,146.082397460938,88.0394058227539,367.158660888672,435.13947281,96.9585456,137.023971557617,93.0326843261719,175.023941040039,157.012786865234,167.018905639648,357.028564453125,124.015197753906,243.060745239258,289.063629150391,193.035140991211,261.025024414062,113.022552490234,194.046691894531,150.056900024414,93.0337181091309,164.070953369141,232.057983398438,147.043182373047,308.097991943359,170.044082641602,87.0088500976562,151.026550292969,219.013702392578,108.020889282227,194.046371459961,150.053680419922,100.00471496582,93.0345764160156,283.067199707031,351.05419921875,151.023834228516,174.041427612305,242.023864746094,130.051071166992,114.016773223877,159.06494140625,115.07543182373,97.0626029968262,173.082183837891,195.064025878906,111.078498840332,181.048904418945,249.036834716797,137.052944175,122.033169475,165.056076049805,147.040802001953,308.074157714844,330.0550491,215.113250732422,131.080154418945,129.10417175293,191.019836425781,173.009689331055,111.007476806641,154.999084472656,192.066116333008,74.0229568481445,151.040542602539,219.024505615234,107.047775268555,137.024002075195,93.0337829589844,129.019897460938,85.0268363952637,173.009140014648,129.01606473,85.0270385742188
"../Converted/U_RNEG_mzML/ALZ_RNEG_ToF03_U3W36_SR.mzML",195.05012512207,391.112518310547,180.029632568359,137.024215698242,153.018936157227,135.006378173828,109.028495788574,153.019561767578,109.028038024902,187.098114013672,209.079025268555,125.097763061523,97.0632858276367,204.067001342773,186.054290771484,158.060012817383,142.062973022461,135.031753540039,92.0258483886719,180.066268920898,248.050842285156,163.039184570312,131.034927368164,199.017791748047,87.0444717407227,187.073318481445,169.061218261719,145.061477661133,127.05054473877,125.071594238281,326.084289550781,675.160766601562,150.053771972656,175.025085449219,113.022972106934,218.104187011719,286.089721679688,146.080337524414,88.0394058227539,367.156768798828,435.13947281,96.9585456,137.023986816406,93.0326385498047,175.024856567383,157.014221191406,167.018905639648,357.030029296875,124.013282775879,243.060729980469,289.064025878906,193.036041259766,261.025024414062,113.0224609375,194.045974731445,150.057067871094,93.0339736938477,164.071884155273,232.057418823242,147.043533325195,308.097290039062,170.04426574707,87.00669488,151.027084350586,219.011009216309,108.02059173584,194.046096801758,150.054306030273,100.003524780273,93.03466796875,283.066619873047,351.052062988281,151.025894165039,174.041580200195,242.025238037109,130.050338745117,114.016773223877,159.06494140625,115.073883056641,97.0626029968262,173.082458496094,195.063705444336,111.078498840332,181.049743652344,249.034759521484,137.054275512695,122.034072875977,165.054565429688,147.041297912598,308.076690673828,330.0550491,215.113998413086,131.082473754883,129.103149414062,191.019058227539,173.009521484375,111.00951385498,154.999160766602,192.06575012207,74.0228576660156,151.03938293457,219.024017333984,107.047775268555,137.022659301758,93.0345840454102,129.019302368164,85.0269317626953,173.009582519531,129.017402648926,85.0270385742188
"../Converted/U_RNEG_mzML/ALZ_RNEG_ToF03_U3W47_LTR.mzML",195.050338745117,391.112335205078,180.029663085938,137.022583007812,153.01921081543,135.006607055664,109.027641296387,153.020233154297,109.027931213379,187.098251342773,209.079498291016,125.095634460449,97.0629692077637,204.067352294922,186.054779052734,158.058715820312,142.062942504883,135.032165527344,92.0251922607422,180.066864013672,248.052825927734,163.039306640625,131.035415649414,199.018035888672,87.0438842773438,187.073089599609,169.058715820312,145.059768676758,127.051376342773,125.06965637207,326.084289550781,675.162231445312,150.057037353516,175.024948120117,113.022422790527,218.104049682617,286.090698242188,146.08073425293,88.0392990112305,367.158569335938,435.13947281,96.9585456,137.024658203125,93.0328979492188,175.022857666016,157.014389038086,167.018905639648,357.028472900391,124.015235900879,243.059539794922,289.065368652344,193.035140991211,261.025024414062,113.0224609375,194.046951293945,150.057022094727,93.0337181091309,164.071197509766,232.057510375977,147.043182373047,308.096984863281,170.045272827148,87.0082702636719,151.026962280273,219.013092041016,108.019737243652,194.046478271484,150.054489135742,100.004356384277,93.034553527832,283.065795898438,351.054382324219,151.02702331543,174.041885375977,242.027282714844,130.050735473633,114.016773223877,159.06494140625,115.073883056641,97.0626029968262,173.082763671875,195.063537597656,111.078498840332,181.049667358398,249.037292480469,137.052944175,122.033508300781,165.055038452148,147.041297912598,308.073516845703,330.056335449219,215.11247253418,131.08283996582,129.102355957031,191.020263671875,173.009490966797,111.009437561035,154.998626708984,192.066757202148,74.0228576660156,151.038627624512,219.025100708008,107.047775268555,137.023513793945,93.0342102050781,129.019332885742,85.0268363952637,173.009796142578,129.017402648926,85.0270385742188
"../Converted/U_RNEG_mzML/ALZ_RNEG_ToF03_U3W48_SR.mzML",195.05012512207,391.1064453125,180.029602050781,137.023956298828,153.019683837891,135.007400512695,109.028846740723,153.019638061523,109.028038024902,187.09782409668,209.079391479492,125.096649169922,97.0629692077637,204.066665649414,186.055099487305,158.05973815918,142.063827514648,135.032302856445,92.0254058837891,180.066436767578,248.051849365234,163.039825439453,131.035232543945,199.017028808594,87.0445022583008,187.073333740234,169.059371948242,145.061050415039,127.050331115723,125.070217132568,326.084289550781,675.159973144531,150.056793212891,175.023025512695,113.024482727051,218.104095458984,286.090942382812,146.080764770508,88.0394058227539,367.156921386719,435.13947281,96.9585456,137.024719238281,93.0339279174805,175.024444580078,157.014678955078,167.018905639648,357.027954101562,124.01490020752,243.062896728516,289.062774658203,193.036422729492,261.025024414062,113.0224609375,194.045974731445,150.057159423828,93.0337181091309,164.071563720703,232.057189941406,147.043182373047,308.098602294922,170.045272827148,87.00669488,151.02717590332,219.011009216309,108.019218444824,194.046508789062,150.054489135742,100.003982543945,93.0332794189453,283.067657470703,351.054077148438,151.024032592773,174.041702270508,242.025619506836,130.050567626953,114.016342163086,159.066207885742,115.073883056641,97.0626029968262,173.082366943359,195.064147949219,111.079132080078,181.049453735352,249.037734985352,137.052944175,122.033169475,165.05354309082,147.042404174805,308.075744628906,330.0550491,215.112030029297,131.080673217773,129.102096557617,191.019058227539,173.009780883789,111.00910949707,154.999526977539,192.066299438477,74.0228576660156,151.040374755859,219.026779174805,107.047775268555,137.022521972656,93.0337829589844,129.019165039062,85.0268363952637,173.008880615234,129.017402648926,85.0270385742188
"../Converted/U_RNEG_mzML/ALZ_RNEG_ToF03_U3W59_LTR.mzML",195.049957275391,391.112030029297,180.028549194336,137.023834228516,153.019271850586,135.005774883,109.02808380127,153.019348144531,109.028038024902,187.098129272461,209.080047607422,125.095840454102,97.0629692077637,204.066329956055,186.054214477539,158.059173583984,142.063568115234,135.031784057617,92.0236358642578,180.067108154297,248.053848266602,163.0400390625,131.035202026367,199.017044067383,87.044319152832,187.072738647461,169.059371948242,145.061767578125,127.051475524902,125.070217132568,326.084289550781,675.162292480469,150.056762695312,175.024978637695,113.022613525391,218.103759765625,286.089508056641,146.080810546875,88.0390930175781,367.158264160156,435.13947281,96.9585456,137.024566650391,93.0328826904297,175.025497436523,157.01448059082,167.021697998047,357.029754638672,124.014610290527,243.061248779297,289.063446044922,193.035140991211,261.025024414062,113.0224609375,194.046371459961,150.056686401367,93.0337181091309,164.071502685547,232.056701660156,147.043182373047,308.098571777344,170.04248046875,87.00669488,151.027084350586,219.011734008789,108.019645690918,194.046691894531,150.056594848633,100.003425598145,93.0342025756836,283.066223144531,351.054718017578,151.024383544922,174.041854858398,242.026718139648,130.051132202148,114.016773223877,159.06494140625,115.073883056641,97.0626029968262,173.08235168457,195.063888549805,111.078498840332,181.047439575195,249.037078857422,137.052944175,122.033828735352,165.055633544922,147.041297912598,308.076446533203,330.057067871094,215.115447998047,131.081954956055,129.102127075195,191.019058227539,173.009979248047,111.009330749512,154.999633789062,192.067092895508,74.0241241455078,151.039733886719,219.026672363281,107.047775268555,137.024795532227,93.0337829589844,129.019439697266,85.0268363952637,173.010009765625,129.017402648926,85.0287170410156
"../Converted/U_RNEG_mzML/ALZ_RNEG_ToF03_U3W60_SR.mzML",195.05012512207,391.111755371094,180.029342651367,137.023971557617,153.019058227539,135.006454467773,109.027542114258,153.019515991211,109.028038024902,187.097946166992,209.079559326172,125.096855163574,97.0629692077637,204.067291259766,186.054626464844,158.057769775391,142.062927246094,135.031829833984,92.0249176025391,180.066162109375,248.052993774414,163.038864135742,131.03483581543,199.019668579102,87.0449295043945,187.073257446289,169.059371948242,145.061737060547,127.051696777344,125.070533752441,326.084289550781,675.163024902344,150.056793212891,175.024917602539,113.023796081543,218.103469848633,286.088134765625,146.080291748047,88.0402450561523,367.157165527344,435.13947281,96.9585456,137.02392578125,93.0332870483398,175.02392578125,157.015045166016,167.018905639648,357.029571533203,124.014625549316,243.061752319336,289.063568115234,193.035140991211,261.025024414062,113.0224609375,194.045974731445,150.056716918945,93.0340805053711,164.072006225586,232.056930541992,147.043182373047,308.096954345703,170.045791625977,87.00669488,151.026947021484,219.011009216309,108.020324707031,194.046142578125,150.05436706543,100.004386901855,93.0333633422852,283.067443847656,351.053314208984,151.026138305664,174.041519165039,242.023986816406,130.051132202148,114.016975402832,159.06494140625,115.073883056641,97.0626029968262,173.082565307617,195.062942504883,111.07861328125,181.047790527344,249.034866333008,137.052944175,122.034210205078,165.05500793457,147.041297912598,308.076232910156,330.0550491,215.111862182617,131.081848144531,129.104110717773,191.019058227539,173.009780883789,111.007377624512,154.999389648438,192.065277099609,74.0229187011719,151.040023803711,219.024917602539,107.047775268555,137.023544311523,93.0337829589844,129.018844604492,85.0268363952637,173.009841918945,129.017402648926,85.0270385742188
"../Converted/U_RNEG_mzML/ALZ_RNEG_ToF03_U3W71_LTR.mzML",195.050628662109,391.111724853516,180.029205322266,137.024078369141,153.019104003906,135.005828857422,109.027908325195,153.019439697266,109.028259277344,187.098037719727,209.079544067383,125.095664978027,97.0629692077637,204.065414428711,186.054962158203,158.058517456055,142.063568115234,135.032028198242,92.0242156982422,180.066162109375,248.051574707031,163.038330078125,131.035354614258,199.022338867188,87.0437545776367,187.072906494141,169.059371948242,145.059967041016,127.051368713379,125.070022583008,326.084289550781,675.162170410156,150.056121826172,175.022247314453,113.023445129395,218.103973388672,286.090667724609,146.081405639648,88.0402069091797,367.158508300781,435.13947281,96.9585456,137.024932861328,93.033073425293,175.023040771484,157.013870239258,167.018905639648,357.028350830078,124.014350891113,243.060287475586,289.062835693359,193.035140991211,261.025024414062,113.023002624512,194.046737670898,150.056823730469,93.0337142944336,164.072143554688,232.056838989258,147.043182373047,308.097961425781,170.042770385742,87.00669488,151.02653503418,219.013137817383,108.019309997559,194.046264648438,150.055923461914,100.004028320312,93.0333633422852,283.066741943359,351.053619384766,151.025833129883,174.041473388672,242.02587890625,130.051422119141,114.016998291016,159.06494140625,115.073273875,97.0626029968262,173.08235168457,195.064208984375,111.078498840332,181.049667358398,249.037811279297,137.054443359375,122.03343963623,165.055282592773,147.042449951172,308.075073242188,330.057739257812,215.112670898438,131.081085205078,129.102844238281,191.020584106445,173.009811401367,111.008888244629,154.998992919922,192.066436767578,74.0228576660156,151.040496826172,219.024597167969,107.047477722168,137.024169921875,93.0337829589844,129.018905639648,85.0268363952637,173.009719848633,129.017402648926,85.0270385742188
"../Converted/U_RNEG_mzML/ALZ_RNEG_ToF03_U3W72_SR.mzML",195.05012512207,391.111450195312,180.029220581055,137.023910522461,153.019439697266,135.005996704102,109.027442932129,153.019027709961,109.028038024902,187.098190307617,209.079849243164,125.096199035645,97.0629692077637,204.065994262695,186.054809570312,158.058258056641,142.063568115234,135.031600952148,92.0245132446289,180.066452026367,248.050552368164,163.038375854492,131.035507202148,199.020782470703,87.0448150634766,187.072631835938,169.059371948242,145.059341430664,127.050422668457,125.070217132568,326.087982177734,675.163635253906,150.056274414062,175.02392578125,113.023345947266,218.10368347168,286.08984375,146.081100463867,88.0391159057617,367.158325195312,435.13947281,96.9585456,137.024703979492,93.0332870483398,175.024597167969,157.01481628418,167.018905639648,357.028167724609,124.015182495117,243.059158325195,289.066741943359,193.035140991211,261.025024414062,113.0224609375,194.045974731445,150.056762695312,93.0338439941406,164.072250366211,232.057006835938,147.043182373047,308.095703125,170.04328918457,87.0081253051758,151.026458740234,219.011009216309,108.02027130127,194.046188354492,150.054153442383,100.002838134766,93.0335922241211,283.067230224609,351.053466796875,151.025756835938,174.041458129883,242.023895263672,130.050109863281,114.016773223877,159.06494140625,115.073883056641,97.0626029968262,173.082656860352,195.064147949219,111.078498840332,181.048278808594,249.034439086914,137.054092407227,122.033424377441,165.054595947266,147.043304443359,308.077423095703,330.056365966797,215.113647460938,131.081771850586,129.102478027344,191.019058227539,173.009460449219,111.007789611816,154.999069213867,192.066925048828,74.0241241455078,151.039657592773,219.024597167969,107.047775268555,137.022399902344,93.0337829589844,129.019149780273,85.0268363952637,173.009857177734,129.017402648926,85.0270385742188
"../Converted/U_RNEG_mzML/ALZ_RNEG_ToF03_U3W83_LTR.mzML",195.050735473633,391.112060546875,180.029388427734,137.021133422852,153.019424438477,135.007019042969,109.027374267578,153.01936340332,109.028038024902,187.098281860352,209.080032348633,125.096183776855,97.0629692077637,204.066879272461,186.054748535156,158.058486938477,142.062927246094,135.031707763672,92.0247421264648,180.066146850586,248.050506591797,163.040115356445,131.035232543945,199.018829345703,87.0439453125,187.073165893555,169.059371948242,145.061630249023,127.050689697266,125.072105407715,326.084289550781,675.16162109375,150.056182861328,175.024642944336,113.022804260254,218.103729248047,286.090240478516,146.080657958984,88.0402679443359,367.158447265625,435.13947281,96.9585456,137.023574829102,93.0336303710938,175.022903442383,157.013748168945,167.018905639648,357.030212402344,124.01448059082,243.06037902832,289.063262939453,193.035140991211,261.025024414062,113.0224609375,194.045974731445,150.056655883789,93.0328750610352,164.072174072266,232.057174682617,147.043182373047,308.094482421875,170.042572021484,87.0068893432617,151.025573730469,219.013031005859,108.019828796387,194.046508789062,150.055206298828,100.004447937012,93.0327758789062,283.066772460938,351.054107666016,151.024978637695,174.041976928711,242.024475097656,130.049697875977,114.016410827637,159.06494140625,115.073883056641,97.0626029968262,173.081924438477,195.063629150391,111.080009460449,181.047927856445,249.037475585938,137.052944175,122.034545898438,165.053894042969,147.040954589844,308.074951171875,330.0550491,215.112808227539,131.083068847656,129.103088378906,191.019058227539,173.009872436523,111.008117675781,154.999374389648,192.066345214844,74.0228576660156,151.040054321289,219.024475097656,107.04833984375,137.022262573242,93.0337829589844,129.018463134766,85.0268363952637,173.007461547852,129.017402648926,85.0270385742188
"../Converted/U_RNEG_mzML/ALZ_RNEG_ToF03_U3W84_SR.mzML",195.05012512207,391.112213134766,180.029495239258,137.024032592773,153.019714355469,135.006729125977,109.027946472168,153.01953125,109.028038024902,187.097915649414,209.079299926758,125.096199035645,97.0629692077637,204.066680908203,186.055633544922,158.060546875,142.064865112305,135.032287597656,92.0253219604492,180.066360473633,248.052886962891,163.039138793945,131.035736083984,199.019439697266,87.0446319580078,187.073593139648,169.059448242188,145.059951782227,127.050361633301,125.070217132568,326.084289550781,675.162048339844,150.056686401367,175.02392578125,113.023635864258,218.104125976562,286.088928222656,146.082443237305,88.0394058227539,367.154907226562,435.13947281,96.9585456,137.024749755859,93.0335006713867,175.025024414062,157.014373779297,167.018905639648,357.030517578125,124.014137268066,243.061737060547,289.063293457031,193.035140991211,261.025024414062,113.0224609375,194.045974731445,150.056854248047,93.0337181091309,164.071731567383,232.057235717773,147.043182373047,308.098510742188,170.042617797852,87.00669488,151.02702331543,219.010818481445,108.021278381348,194.046615600586,150.056701660156,100.004425048828,93.0333633422852,283.066467285156,351.054168701172,151.023849487305,174.041900634766,242.024002075195,130.05012512207,114.016773223877,159.06494140625,115.073883056641,97.0630569458008,173.082717895508,195.063507080078,111.078498840332,181.048797607422,249.034805297852,137.052944175,122.034729003906,165.053466796875,147.041297912598,308.076599121094,330.0550491,215.113372802734,131.080139160156,129.104461669922,191.019058227539,173.010009765625,111.009704589844,154.999435424805,192.065444946289,74.0229949951172,151.040756225586,219.024398803711,107.047775268555,137.022888183594,93.0342712402344,129.019805908203,85.0268363952637,173.009887695312,129.017402648926,85.0270385742188
"../Converted/U_RNEG_mzML/ALZ_RNEG_ToF03_U3W95_LTR.mzML",195.050674438477,391.112243652344,180.029373168945,137.023971557617,153.019424438477,135.006530761719,109.029052734375,153.019866943359,109.028038024902,187.09814453125,209.079772949219,125.096496582031,97.0629692077637,204.066848754883,186.054458618164,158.057876586914,142.063903808594,135.032196044922,92.024658203125,180.066833496094,248.05354309082,163.039413452148,131.035507202148,199.021026611328,87.0449142456055,187.073028564453,169.059371948242,145.061462402344,127.051139831543,125.070217132568,326.084289550781,675.158081054688,150.056640625,175.021774291992,113.024154663086,218.103500366211,286.090942382812,146.080505371094,88.039909362793,367.158233642578,435.13947281,96.9585456,137.024307250977,93.0329513549805,175.024124145508,157.013305664062,167.018905639648,357.029876708984,124.015144348145,243.059036254883,289.063049316406,193.035140991211,261.025024414062,113.0224609375,194.046813964844,150.056930541992,93.0337181091309,164.07080078125,232.056793212891,147.043182373047,308.096954345703,170.043518066406,87.0084228515625,151.026000976562,219.013732910156,108.020530700684,194.046279907227,150.055023193359,100.003921508789,93.0333633422852,283.067749023438,351.052276611328,151.024856567383,174.041137695312,242.023742675781,130.051223754883,114.016773223877,159.06494140625,115.073883056641,97.06254404,173.082275390625,195.063888549805,111.078498840332,181.050384521484,249.036697387695,137.052944175,122.033169475,165.054794311523,147.041297912598,308.076538085938,330.055389404297,215.114547729492,131.081207275391,129.102478027344,191.020263671875,173.009170532227,111.008140563965,154.99919128418,192.065902709961,74.0230026245117,151.040451049805,219.023223876953,107.047775268555,137.023086547852,93.0339202880859,129.018585205078,85.0268363952637,173.009552001953,129.017402648926,85.0270385742188
"../Converted/U_RNEG_mzML/ALZ_RNEG_ToF03_U3W96_SR.mzML",195.05012512207,391.112121582031,180.02880859375,137.020950317383,153.019165039062,135.005774883,109.028884887695,153.019088745117,109.028038024902,187.098175048828,209.080001831055,125.097045898438,97.0629692077637,204.066833496094,186.055053710938,158.058090209961,142.063659667969,135.031494140625,92.0242767333984,180.06575012207,248.053161621094,163.038391113281,131.035003662109,199.018737792969,87.0439758300781,187.072998046875,169.059371948242,145.061248779297,127.049446105957,125.070217132568,326.084289550781,675.161560058594,150.055358886719,175.021408081055,113.023651123047,218.103790283203,286.090209960938,146.080947875977,88.0402755737305,367.157745361328,435.13947281,96.9585456,137.025115966797,93.0341567993164,175.022567749023,157.0126953125,167.018905639648,357.02664452,124.013313293457,243.059051513672,289.064422607422,193.035140991211,261.025024414062,113.0224609375,194.046463012695,150.056594848633,93.0342407226562,164.071014404297,232.056549072266,147.043106079102,308.098205566406,170.044006347656,87.008430480957,151.026611328125,219.009714805,108.020484924316,194.046035766602,150.055313110352,100.003265380859,93.0331726074219,283.066802978516,351.0537109375,151.026062011719,174.041458129883,242.026077270508,130.048080444336,114.016773223877,159.06494140625,115.076011657715,97.0626029968262,173.082473754883,195.063613891602,111.0783338,181.04719543457,249.037521362305,137.055053710938,122.033203125,165.054260253906,147.041305541992,308.076629638672,330.0550491,215.112915039062,131.082244873047,129.103103637695,191.019058227539,173.009490966797,111.00862121582,154.999099731445,192.065307617188,74.0228576660156,151.039642333984,219.025772094727,107.047775268555,137.0224609375,93.0337829589844,129.017395019531,85.0269012451172,173.009414672852,129.017402648926,85.0270385742188
"../Converted/U_RNEG_mzML/ALZ_RNEG_ToF03_U5W11_LTR.mzML",195.051849365234,391.111877441406,180.028564453125,137.022903442383,153.018844604492,135.006057739258,109.027450561523,153.01921081543,109.028038024902,187.097534179688,209.078536987305,125.096084594727,97.0629692077637,204.065933227539,186.05500793457,158.058853149414,142.063446044922,135.031036376953,92.024787902832,180.065536499023,248.053100585938,163.038345336914,131.034881591797,199.019195556641,87.0441970825195,187.072463989258,169.058471679688,145.061325073242,127.051193237305,125.071640014648,326.084289550781,675.16357421875,150.055648803711,175.023208618164,113.022567749023,218.103256225586,286.090270996094,146.080444335938,88.0402069091797,367.15771484375,435.13947281,96.9585456,137.022872924805,93.0332260131836,175.024261474609,157.013442993164,167.018905639648,357.030700683594,124.014099121094,243.062484741211,289.065124511719,193.035140991211,261.025024414062,113.022682189941,194.045883178711,150.055938720703,93.0328979492188,164.070434570312,232.056671142578,147.043182373047,308.096923828125,170.042556762695,87.00669488,151.026168823242,219.013366699219,108.019233703613,194.046340942383,150.054977416992,100.00316619873,93.0344543457031,283.067840576172,351.053405761719,151.025619506836,174.040756225586,242.024063110352,130.050415039062,114.016479492188,159.06494140625,115.076187133789,97.0626029968262,173.080810546875,195.063812255859,111.078498840332,181.049774169922,249.036636352539,137.052944175,122.033169475,165.054870605469,147.043304443359,308.076690673828,330.056915283203,215.11311340332,131.082275390625,129.102584838867,191.019790649414,173.009246826172,111.007148742676,154.998641967773,192.066177368164,74.0241317749023,151.039245605469,219.023025512695,107.049041748047,137.022125244141,93.0337829589844,129.018646240234,85.0268363952637,173.009384155273,129.017402648926,85.02672458
"../Converted/U_RNEG_mzML/ALZ_RNEG_ToF03_U5W12_SR.mzML",195.05012512207,391.111511230469,180.029296875,137.021530151367,153.019500732422,135.006607055664,109.028549194336,153.019119262695,109.028038024902,187.098052978516,209.080017089844,125.09716796875,97.0635147094727,204.066482543945,186.054412841797,158.059234619141,142.064010620117,135.03190612793,92.025520324707,180.066040039062,248.053359985352,163.038146972656,131.03564453125,199.019866943359,87.0445709228516,187.073318481445,169.059371948242,145.060546875,127.051383972168,125.071838378906,326.084289550781,675.163452148438,150.056686401367,175.022079467773,113.024238586426,218.102935791016,286.090026855469,146.081497192383,88.0388946533203,367.157409667969,435.13947281,96.9585456,137.024932861328,93.0339050292969,175.024887084961,157.013137817383,167.018905639648,357.030059814453,124.014335632324,243.062438964844,289.063079833984,193.035140991211,261.025024414062,113.0224609375,194.045974731445,150.056594848633,93.0337066650391,164.071487426758,232.057067871094,147.044464111328,308.097564697266,170.045028686523,87.0084533691406,151.026916503906,219.014190673828,108.02018737793,194.046234130859,150.053131103516,100.004188537598,93.0333633422852,283.067108154297,351.052947998047,151.026840209961,174.041305541992,242.023574829102,130.049163818359,114.016773223877,159.066146850586,115.073883056641,97.0633926391602,173.082702636719,195.06379699707,111.079010009766,181.046981811523,249.037109375,137.053344726562,122.033851623535,165.054061889648,147.041320800781,308.076293945312,330.05810546875,215.111846923828,131.082611083984,129.102523803711,191.019058227539,173.009628295898,111.009422302246,154.999145507812,192.065765380859,74.0232315063477,151.040542602539,219.023422241211,107.048721313477,137.022171020508,93.0337829589844,129.019317626953,85.0268363952637,173.009780883789,129.017402648926,85.0270385742188
"../Converted/U_RNEG_mzML/ALZ_RNEG_ToF03_U5W23_LTR.mzML",195.051193237305,391.111572265625,180.028442382812,137.022384643555,153.01887512207,135.00700378418,109.027458190918,153.018661499023,109.028038024902,187.097091674805,209.078552246094,125.095344543457,97.0629692077637,204.065475463867,186.054748535156,158.059417724609,142.064025878906,135.031188964844,92.0241470336914,180.065155029297,248.050445556641,163.038909912109,131.034439086914,199.017501831055,87.0440902709961,187.072280883789,169.058746337891,145.059326171875,127.050277709961,125.070198059082,326.084289550781,675.157287597656,150.055633544922,175.022354125977,113.022926330566,218.103164672852,286.088806152344,146.081146240234,88.0395889282227,367.157653808594,435.13947281,96.9585456,137.023284912109,93.0330657958984,175.022445678711,157.012191772461,167.02033996582,357.027160644531,124.013191223145,243.059356689453,289.064239501953,193.035140991211,261.025024414062,113.0224609375,194.045928955078,150.055877685547,93.0341491699219,164.070602416992,232.057174682617,147.043319702148,308.097259521484,170.045394897461,87.00669488,151.02571105957,219.012176513672,108.018898010254,194.045486450195,150.054870605469,100.003471374512,93.0341720581055,283.066436767578,351.054565429688,151.025848388672,174.040679931641,242.025726318359,130.049850463867,114.017234802246,159.06494140625,115.073631286621,97.0626029968262,173.081680297852,195.063217163086,111.078948974609,181.047470092773,249.036209106445,137.052944175,122.033470153809,165.053100585938,147.042190551758,308.075317382812,330.056762695312,215.11296081543,131.080841064453,129.103073120117,191.019592285156,173.009048461914,111.008430480957,154.998733520508,192.064895629883,74.023063659668,151.039764404297,219.022857666016,107.047394265,137.023071289062,93.0337829589844,129.017654418945,85.0267333984375,173.008941650391,129.019149780273,85.0270385742188
"../Converted/U_RNEG_mzML/ALZ_RNEG_ToF03_U5W24_SR.mzML",195.05012512207,391.111267089844,180.028778076172,137.021545410156,153.019317626953,135.006454467773,109.027656555176,153.019195556641,109.028038024902,187.097625732422,209.079772949219,125.096824645996,97.0629692077637,204.065444946289,186.054351806641,158.057952880859,142.064193725586,135.029861450195,92.02392578125,180.065856933594,248.053131103516,163.03776550293,131.035171508789,199.018768310547,87.0448150634766,187.072647094727,169.060516357422,145.061264038086,127.049591064453,125.069931030273,326.084289550781,675.158081054688,150.054122924805,175.024627685547,113.022415161133,218.103332519531,286.089630126953,146.081512451172,88.0390548706055,367.156646728516,435.13947281,96.9585456,137.024337768555,93.0342636108398,175.02392578125,157.014297485352,167.018905639648,357.030548095703,124.013282775879,243.059692382812,289.063995361328,193.035140991211,261.025024414062,113.0224609375,194.045974731445,150.056518554688,93.0339889526367,164.071853637695,232.056579589844,147.042877197266,308.096740722656,170.042861938477,87.0083236694336,151.026519775391,219.011009216309,108.020248413086,194.046188354492,150.053985595703,100.003852844238,93.0344009399414,283.066436767578,351.054870605469,151.026672363281,174.041244506836,242.025100708008,130.050857543945,114.016773223877,159.064834594727,115.075546264648,97.0626029968262,173.081817626953,195.063232421875,111.079360961914,181.047027587891,249.035278320312,137.053070068359,122.033169475,165.054275512695,147.043853759766,308.076385498047,330.0550491,215.11198425293,131.081909179688,129.102127075195,191.019058227539,173.009368896484,111.009239196777,154.999008178711,192.065292358398,74.0227813720703,151.039825439453,219.023193359375,107.048973083496,137.023376464844,93.0337829589844,129.018524169922,85.0268363952637,173.009643554688,129.017402648926,85.0270385742188
"../Converted/U_RNEG_mzML/ALZ_RNEG_ToF03_U5W35_LTR.mzML",195.05012512207,391.112365722656,180.028564453125,137.024032592773,153.019317626953,135.006362915039,109.02742767334,153.019897460938,109.028038024902,187.098098754883,209.079772949219,125.097427368164,97.0629692077637,204.067138671875,186.054290771484,158.057891845703,142.062911987305,135.031311035156,92.0244827270508,180.066665649414,248.053359985352,163.03987121582,131.035446166992,199.017456054688,87.0444869995117,187.073379516602,169.062194824219,145.061065673828,127.051307678223,125.070217132568,326.084289550781,675.160827636719,150.056213378906,175.024108886719,113.023063659668,218.103988647461,286.089965820312,146.082000732422,88.0394058227539,367.157958984375,435.13947281,96.9585456,137.023849487305,93.0329513549805,175.024230957031,157.013442993164,167.021072387695,357.029602050781,124.015419006348,243.061111450195,289.064178466797,193.035140991211,261.025024414062,113.022315979004,194.046813964844,150.056869506836,93.0343017578125,164.071701049805,232.056640625,147.043182373047,308.097686767578,170.042663574219,87.00669488,151.026458740234,219.013854980469,108.020378112793,194.04655456543,150.054641723633,100.003074645996,93.0344467163086,283.067016601562,351.050933837891,151.025375366211,174.041534423828,242.025207519531,130.04963684082,114.018165588379,159.06494140625,115.073883056641,97.0626029968262,173.082107543945,195.063766479492,111.078498840332,181.049423217773,249.037750244141,137.052944175,122.03352355957,165.054748535156,147.041076660156,308.077209472656,330.056091308594,215.113525390625,131.081893920898,129.102920532227,191.019058227539,173.00993347168,111.008720397949,154.999603271484,192.066192626953,74.0228576660156,151.040267944336,219.025115966797,107.047668457031,137.023834228516,93.0337829589844,129.019195556641,85.0280151367188,173.009811401367,129.017402648926,85.0270385742188
"../Converted/U_RNEG_mzML/ALZ_RNEG_ToF03_U5W36_SR.mzML",195.05012512207,391.111358642578,180.02815246582,137.022171020508,153.017974853516,135.005774883,109.027687072754,153.017807006836,109.028038024902,187.096740722656,209.077545166016,125.095878601074,97.0629692077637,204.065567016602,186.054702758789,158.058074951172,142.063339233398,135.030609130859,92.0242919921875,180.065002441406,248.050735473633,163.037750244141,131.034057617188,199.019927978516,87.0438690185547,187.072204589844,169.059707641602,145.059173583984,127.049819946289,125.071495056152,326.084289550781,675.156127929688,150.054473876953,175.023544311523,113.022804260254,218.102401733398,286.089508056641,146.080352783203,88.0396270751953,367.156158447266,435.13947281,96.9585456,137.023239135742,93.0332641601562,175.022521972656,157.012451171875,167.020141601562,357.027679443359,124.013450622559,243.061004638672,289.064208984375,193.035140991211,261.025024414062,113.023078918457,194.045318603516,150.055404663086,93.0332260131836,164.070327758789,232.056671142578,147.042922973633,308.097839355469,170.042526245117,87.0074081420898,151.025573730469,219.011123657227,108.019111633301,194.045074462891,150.05436706543,100.002616882324,93.0335922241211,283.065582275391,351.053405761719,151.024154663086,174.040588378906,242.024353027344,130.048706054688,114.018089294434,159.065414428711,115.074989318848,97.0626029968262,173.080780029297,195.062576293945,111.079566955566,181.048217773438,249.036102294922,137.052944175,122.0341796875,165.052810668945,147.040817260742,308.075561523438,330.056060791016,215.112716674805,131.080413818359,129.102279663086,191.019256591797,173.008544921875,111.007820129395,154.998199462891,192.063507080078,74.0227355957031,151.038803100586,219.024368286133,107.04891204834,137.022476196289,93.0337829589844,129.017868041992,85.0267562866211,173.008346557617,129.018539428711,85.0284805297852
"../Converted/U_RNEG_mzML/ALZ_RNEG_ToF03_U5W47_LTR.mzML",195.050247192383,391.111175537109,180.027114868164,137.021621704102,153.01708984375,135.005828857422,109.027381896973,153.017196655273,109.028038024902,187.095840454102,209.076690673828,125.095230102539,97.0636520385742,204.064636230469,186.054275512695,158.057861328125,142.063568115234,135.02978515625,92.0238342285156,180.064575195312,248.051879882812,163.038269042969,131.033309936523,199.017547607422,87.043701171875,187.071105957031,169.059600830078,145.059875488281,127.049163818359,125.070236206055,326.084289550781,675.161315917969,150.054550170898,175.023223876953,113.022392272949,218.101593017578,286.088256835938,146.080123901367,88.0387344360352,367.156555175781,435.13947281,96.9585456,137.022430419922,93.0326309204102,175.022613525391,157.011795043945,167.019332885742,357.030487060547,124.013458251953,243.059768676758,289.063079833984,193.035140991211,261.025024414062,113.0224609375,194.044036865234,150.054412841797,93.0327911376953,164.069610595703,232.056579589844,147.043319702148,308.096405029297,170.042526245117,87.00669488,151.023971557617,219.010635375977,108.018615722656,194.043930053711,150.052764892578,100.002555847168,93.0326538085938,283.065490722656,351.053344726562,151.024291992188,174.039916992188,242.024627685547,130.049026489258,114.017372131348,159.06494140625,115.07430267334,97.0626029968262,173.080093383789,195.061431884766,111.078559875488,181.047286987305,249.035095214844,137.052944175,122.033169475,165.052886962891,147.04216003418,308.073760986328,330.056365966797,215.113388061523,131.080688476562,129.102310180664,191.018829345703,173.007934570312,111.00756072998,154.996444702148,192.063491821289,74.0226364135742,151.038192749023,219.024673461914,107.047889709473,137.022155761719,93.0337829589844,129.017623901367,85.0271606445312,173.007766723633,129.01806640625,85.0276260375977
"../Converted/U_RNEG_mzML/ALZ_RNEG_ToF03_U5W48_SR.mzML",195.049850463867,391.110626220703,180.026077270508,137.021041870117,153.017150878906,135.005798339844,109.027366638184,153.017059326172,109.028038024902,187.095001220703,209.077163696289,125.095153808594,97.0629692077637,204.064010620117,186.054351806641,158.058212280273,142.06298828125,135.029296875,92.024658203125,180.066108703613,248.05061340332,163.037857055664,131.033020019531,199.018173217773,87.0445022583008,187.070358276367,169.059158325195,145.059280395508,127.04914855957,125.069557189941,326.084289550781,675.161193847656,150.053802490234,175.021514892578,113.022346496582,218.100784301758,286.087066650391,146.079956054688,88.0388870239258,367.156280517578,435.13947281,96.9585456,137.022369384766,93.0326538085938,175.022308349609,157.011764526367,167.018569946289,357.027282714844,124.013175964355,243.059600830078,289.063598632812,193.035140991211,261.025024414062,113.0224609375,194.043228149414,150.054138183594,93.0326232910156,164.068771362305,232.056594848633,147.04280090332,308.09521484375,170.043197631836,87.0066986083984,151.02409362793,219.0107421875,108.019588470459,194.043563842773,150.053359985352,100.003921508789,93.0326766967773,283.064910888672,351.051513671875,151.023880004883,174.038558959961,242.024520874023,130.04817199707,114.016334533691,159.064315795898,115.073867797852,97.0626029968262,173.079879760742,195.061172485352,111.078910827637,181.047256469727,249.034957885742,137.054733276367,122.033294677734,165.052963256836,147.041793823242,308.075500488281,330.058135986328,215.111968994141,131.080154418945,129.102813720703,191.01725769043,173.006805419922,111.007041931152,154.996337890625,192.064102172852,74.0226211547852,151.037261962891,219.024688720703,107.047775268555,137.02197265625,93.0337829589844,129.017150878906,85.0269012451172,173.006729125977,129.017059326172,85.027099609375
"../Converted/U_RNEG_mzML/ALZ_RNEG_ToF03_U5W59_LTR.mzML",195.050521850586,391.111358642578,180.025894165039,137.02131652832,153.017074584961,135.005874633789,109.027412414551,153.017074584961,109.028038024902,187.095718383789,209.076629638672,125.095169067383,97.0629577636719,204.064346313477,186.054397583008,158.058166503906,142.062973022461,135.029235839844,92.0236206054688,180.063995361328,248.050643920898,163.037689208984,131.033203125,199.018249511719,87.0445022583008,187.069900512695,169.059387207031,145.059020996094,127.04914855957,125.069519042969,326.084289550781,675.163452148438,150.053848266602,175.021835327148,113.022392272949,218.101287841797,286.087158203125,146.080322265625,88.0387649536133,367.155364990234,435.13947281,96.9585456,137.022399902344,93.0326461791992,175.022277832031,157.011871337891,167.018676757812,357.02880859375,124.013168334961,243.059204101562,289.063293457031,193.035140991211,261.025024414062,113.0224609375,194.044448852539,150.05436706543,93.0326614379883,164.069427490234,232.056671142578,147.043182373047,308.096374511719,170.043045043945,87.0066986083984,151.024291992188,219.011474609375,108.018478393555,194.044082641602,150.053909301758,100.002502441406,93.0326156616211,283.064453125,351.050018310547,151.023788452148,174.038864135742,242.025039672852,130.048721313477,114.017501831055,159.06494140625,115.07389831543,97.0626029968262,173.080017089844,195.061614990234,111.07878112793,181.046890258789,249.034255981445,137.052944175,122.033256530762,165.053344726562,147.041030883789,308.075500488281,330.055633544922,215.11279296875,131.080108642578,129.102813720703,191.017807006836,173.006698608398,111.007041931152,154.995986938477,192.063323974609,74.0226440429688,151.037887573242,219.023010253906,107.047401428223,137.022018432617,93.0337829589844,129.017105102539,85.0268363952637,173.006881713867,129.017211914062,85.0269927978516
"../Converted/U_RNEG_mzML/ALZ_RNEG_ToF03_U5W60_SR.mzML",195.049499511719,391.110229492188,180.025756835938,137.020980834961,153.017044067383,135.005859375,109.027374267578,153.017059326172,109.027450561523,187.095413208008,209.076858520508,125.095161437988,97.0629692077637,204.063873291016,186.054244995117,158.058090209961,142.062973022461,135.029266357422,92.0239334106445,180.066108703613,248.050415039062,163.03776550293,131.033020019531,199.018005371094,87.0445022583008,187.070373535156,169.058898925781,145.059204101562,127.049125671387,125.069320678711,326.084289550781,675.15869140625,150.053756713867,175.021759033203,113.022384643555,218.100662231445,286.087310791016,146.079925537109,88.0394058227539,367.155517578125,435.13947281,96.9585456,137.022415161133,93.0326080322266,175.022186279297,157.011734008789,167.018905639648,357.027404785156,124.013206481934,243.059051513672,289.062866210938,193.033203125,261.025024414062,113.022537231445,194.043121337891,150.053756713867,93.0326385498047,164.069091796875,232.057067871094,147.043090820312,308.094848632812,170.043365478516,87.0067138671875,151.023956298828,219.010070800781,108.018409729004,194.04328918457,150.052947998047,100.003921508789,93.0326843261719,283.064819335938,351.051635742188,151.023864746094,174.038497924805,242.023635864258,130.048156738281,114.016914367676,159.063949584961,115.073379516602,97.0626029968262,173.079727172852,195.06120300293,111.078826904297,181.04736328125,249.034439086914,137.052944175,122.033782958984,165.052719116211,147.041931152344,308.074645996094,330.060485839844,215.111831665039,131.080154418945,129.102813720703,191.017501831055,173.006439208984,111.00707244873,154.996170043945,192.063613891602,74.0228576660156,151.036926269531,219.023971557617,107.047760009766,137.022048950195,93.0337829589844,129.017120361328,85.0267562866211,173.006774902344,129.016998291016,85.0269088745117
"../Converted/U_RNEG_mzML/ALZ_RNEG_ToF03_U5W71_LTR.mzML",195.049728393555,391.110229492188,180.025421142578,137.021011352539,153.017044067383,135.005844116211,109.027481079102,153.017074584961,109.028038024902,187.094924926758,209.076705932617,125.095230102539,97.0631408691406,204.063995361328,186.054351806641,158.057693481445,142.063095092773,135.029235839844,92.0236434936523,180.06396484375,248.050506591797,163.037887573242,131.033020019531,199.01872253418,87.0445022583008,187.070266723633,169.058517456055,145.058853149414,127.049278259277,125.069366455078,326.084289550781,675.163269042969,150.053909301758,175.021774291992,113.022354125977,218.100662231445,286.087982177734,146.079864501953,88.0387496948242,367.156372070312,435.13947281,96.9585456,137.0224609375,93.0326309204102,175.022262573242,157.011688232422,167.018737792969,357.027252197266,124.013160705566,243.05891418457,289.06298828125,193.035140991211,261.025024414062,113.0224609375,194.043991088867,150.053833007812,93.0326080322266,164.068862915039,232.057067871094,147.043182373047,308.095184326172,170.042770385742,87.0067138671875,151.024063110352,219.010589599609,108.019588470459,194.043319702148,150.053100585938,100.003921508789,93.0326385498047,283.064514160156,351.052215576172,151.023864746094,174.038681030273,242.024063110352,130.048309326172,114.016525268555,159.06494140625,115.073547363281,97.0626029968262,173.079467773438,195.06120300293,111.079154968262,181.04719543457,249.035186767578,137.052944175,122.03343963623,165.052978515625,147.04150390625,308.073425292969,330.057250976562,215.113006591797,131.080169677734,129.102813720703,191.017486572266,173.0068359375,111.007049560547,154.996444702148,192.063598632812,74.0227203369141,151.037551879883,219.023895263672,107.047775268555,137.022018432617,93.0337829589844,129.017105102539,85.0268859863281,173.006088256836,129.016815185547,85.0270767211914
"../Converted/U_RNEG_mzML/ALZ_RNEG_ToF03_U5W72_SR.mzML",195.049743652344,391.108764648438,180.026962280273,137.021011352539,153.017196655273,135.005828857422,109.027420043945,153.017059326172,109.028038024902,187.095016479492,209.076995849609,125.095153808594,97.0626525878906,204.064178466797,186.054275512695,158.057708740234,142.063125610352,135.029296875,92.024658203125,180.063919067383,248.050491333008,163.037780761719,131.033020019531,199.018493652344,87.0445022583008,187.070098876953,169.057601928711,145.058883666992,127.049217224121,125.069717407227,326.084289550781,675.160400390625,150.053771972656,175.021575927734,113.022354125977,218.100692749023,286.088104248047,146.079864501953,88.0387344360352,367.154968261719,435.13947281,96.9585456,137.022369384766,93.0326080322266,175.022415161133,157.011978149414,167.018783569336,357.028381347656,124.013366699219,243.058837890625,289.063659667969,193.033126831055,261.025024414062,113.022720336914,194.043487548828,150.053939819336,93.0326156616211,164.069046020508,232.057067871094,147.043380737305,308.095672607422,170.042633056641,87.006706237793,151.023986816406,219.010009765625,108.018493652344,194.043579101562,150.053314208984,100.003921508789,93.0326538085938,283.065368652344,351.052337646484,151.023803710938,174.038589477539,242.023391723633,130.048141479492,114.016326904297,159.064071655273,115.073455810547,97.0626029968262,173.079498291016,195.061340332031,111.078987121582,181.046936035156,249.034973144531,137.053070068359,122.033248901367,165.052780151367,147.041297912598,308.074829101562,330.060028076172,215.112289428711,131.080322265625,129.102813720703,191.017211914062,173.006561279297,111.007041931152,154.99626159668,192.064193725586,74.0226058959961,151.036926269531,219.0234375,107.047775268555,137.022033691406,93.0337829589844,129.017074584961,85.0268478393555,173.005935668945,129.017120361328,85.0267715454102
"../Converted/U_RNEG_mzML/ALZ_RNEG_ToF03_U5W83_LTR.mzML",195.049682617188,391.110198974609,180.025512695312,137.021041870117,153.017059326172,135.005859375,109.027397155762,153.017044067383,109.028038024902,187.094802856445,209.076446533203,125.096485137939,97.0631637573242,204.063858032227,186.054748535156,158.057632446289,142.063385009766,135.029251098633,92.024658203125,180.063949584961,248.050399780273,163.037933349609,131.035232543945,199.018142700195,87.0445022583008,187.070419311523,169.058364868164,145.05891418457,127.049110412598,125.069320678711,326.084289550781,675.160705566406,150.053771972656,175.021835327148,113.022369384766,218.100326538086,286.085906982422,146.081100463867,88.0394058227539,367.155822753906,435.13947281,96.9585456,137.024139404297,93.0326995849609,175.022415161133,157.01171875,167.018692016602,357.029205322266,124.013153076172,243.059234619141,289.062744140625,193.035140991211,261.025024414062,113.022323608398,194.043365478516,150.053756713867,93.0337181091309,164.068893432617,232.057067871094,147.043182373047,308.096160888672,170.042709350586,87.00669488,151.023956298828,219.011367797852,108.01847076416,194.043075561523,150.052993774414,100.003921508789,93.0333633422852,283.064361572266,351.052856445312,151.023834228516,174.038940429688,242.023468017578,130.048278808594,114.016952514648,159.063903808594,115.073440551758,97.0626029968262,173.07942199707,195.061172485352,111.07844543457,181.04704284668,249.034164428711,137.052944175,122.033897399902,165.052734375,147.041244506836,308.074035644531,330.056671142578,215.112899780273,131.080078125,129.102813720703,191.017562866211,173.006774902344,111.007080078125,154.995895385742,192.063461303711,74.0226669311523,151.036834716797,219.023651123047,107.047477722168,137.022048950195,93.0337829589844,129.017135620117,85.0267944335938,173.006759643555,129.016860961914,85.0269393920898
"../Converted/U_RNEG_mzML/ALZ_RNEG_ToF03_U5W84_SR.mzML",195.050064086914,391.110229492188,180.026519775391,137.02099609375,153.017044067383,135.006134033203,109.027442932129,153.017044067383,109.027442932129,187.095230102539,209.076751708984,125.09513092041,97.0629692077637,204.063629150391,186.054214477539,158.057769775391,142.06298828125,135.029754638672,92.024658203125,180.06396484375,248.050643920898,163.037796020508,131.03303527832,199.017959594727,87.0445022583008,187.069900512695,169.058547973633,145.060646057129,127.04931640625,125.069137573242,326.084289550781,675.161376953125,150.053924560547,175.021392822266,113.022315979004,218.100845336914,286.087249755859,146.079895019531,88.0387954711914,367.155731201172,435.13947281,96.9585456,137.022415161133,93.0326156616211,175.022216796875,157.011810302734,167.018905639648,357.032318115234,124.013473510742,243.059143066406,289.063873291016,193.032974243164,261.025024414062,113.022407531738,194.042556762695,150.053787231445,93.0337181091309,164.068740844727,232.057067871094,147.043182373047,308.095489501953,170.042984008789,87.00669488,151.024032592773,219.009714805,108.019588470459,194.043014526367,150.053024291992,100.002662658691,93.0333633422852,283.064697265625,351.051513671875,151.024017333984,174.038391113281,242.023498535156,130.05012512207,114.016548156738,159.06494140625,115.073371887207,97.0626029968262,173.079833984375,195.061126708984,111.078414916992,181.047409057617,249.034378051758,137.052944175,122.033668518066,165.052825927734,147.041229248047,308.074188232422,330.057434082031,215.112747192383,131.080490112305,129.102813720703,191.017120361328,173.006500244141,111.008544921875,154.995697021484,192.063323974609,74.0226440429688,151.037033081055,219.022827148438,107.047454833984,137.02197265625,93.0337829589844,129.01708984375,85.0268707275391,173.006225585938,129.017044067383,85.0269927978516
"../Converted/U_RNEG_mzML/ALZ_RNEG_ToF03_U5W95_LTR.mzML",195.049682617188,391.110168457031,180.026062011719,137.020965576172,153.017105102539,135.005783081055,109.027364565,153.01708984375,109.027397155762,187.095077514648,209.076354980469,125.09538269043,97.0626449584961,204.063842773438,186.054260253906,158.057846069336,142.06330871582,135.031799316406,92.024658203125,180.063995361328,248.051239013672,163.037841796875,131.035232543945,199.018264770508,87.0445022583008,187.070037841797,169.059097290039,145.058853149414,127.04923248291,125.069267272949,326.084289550781,675.157836914062,150.053756713867,175.022018432617,113.022422790527,218.100631713867,286.085754394531,146.079833984375,88.0394058227539,367.15673828125,435.13947281,96.9586410522461,137.022399902344,93.0332870483398,175.02229309082,157.011917114258,167.018600463867,357.028869628906,124.01318359375,243.058746337891,289.063323974609,193.035140991211,261.025024414062,113.0224609375,194.043884277344,150.053863525391,93.0337181091309,164.069061279297,232.057067871094,147.043182373047,308.095886230469,170.043075561523,87.006721496582,151.02392578125,219.010452270508,108.019588470459,194.043121337891,150.052871704102,100.003921508789,93.0333633422852,283.064422607422,351.051574707031,151.02375793457,174.038513183594,242.025024414062,130.048233032227,114.016616821289,159.06494140625,115.073364257812,97.0626029968262,173.079345703125,195.061080932617,111.07844543457,181.047592163086,249.034362792969,137.052944175,122.033462524414,165.052810668945,147.040969848633,308.074920654297,330.060760498047,215.112426757812,131.080108642578,129.102813720703,191.017517089844,173.006790161133,111.008544921875,154.996063232422,192.063446044922,74.0227508544922,151.03727722168,219.025100708008,107.047653198242,137.022048950195,93.0337829589844,129.017150878906,85.0269546508789,173.006652832031,129.016677856445,85.0269012451172
"../Converted/U_RNEG_mzML/ALZ_RNEG_ToF03_U5W96_SR.mzML",195.049606323242,391.110595703125,180.025482177734,137.021224975586,153.017036910017,135.005798339844,109.027381896973,153.017036910017,109.028038024902,187.095108032227,209.076248168945,125.096485137939,97.0629692077637,204.063842773438,186.054748535156,158.057708740234,142.062911987305,135.031799316406,92.024658203125,180.066108703613,248.050430297852,163.037643432617,131.033218383789,199.017929077148,87.0445022583008,187.06965637207,169.057708740234,145.058868408203,127.050361633301,125.069297790527,326.084289550781,675.160949707031,150.056182861328,175.021453857422,113.022438049316,218.100234985352,286.085754394531,146.081100463867,88.0394058227539,367.155670166016,435.13947281,96.9585456,137.022362233736,93.0332870483398,175.023506164551,157.013862609863,167.018630981445,357.028167724609,124.013473510742,243.058853149414,289.062957763672,193.035140991211,261.025024414062,113.0224609375,194.043197631836,150.056701660156,93.0337181091309,164.068695068359,232.057067871094,147.042922973633,308.094512939453,170.042602539062,87.00669488,151.026489257812,219.010681152344,108.018394470215,194.042984008789,150.052764892578,100.00249994,93.0333633422852,283.064392089844,351.050018310547,151.025268554688,174.038284301758,242.023880004883,130.05012512207,114.016304016113,159.06494140625,115.07332611084,97.0626029968262,173.079360961914,195.061096191406,111.078369140625,181.047271728516,249.034729003906,137.052944175,122.033325195312,165.052749633789,147.041427612305,308.074249267578,330.055633544922,215.111923217773,131.081085205078,129.103652954102,191.016876220703,173.006134033203,111.008544921875,154.999114990234,192.06330871582,74.0228576660156,151.036834716797,219.022720336914,107.047394265,137.022003173828,93.0337829589844,129.017064715,85.0267562866211,173.005981445312,129.016143798828,85.026725769043
"../Converted/U_RNEG_mzML/ALZ_RNEG_ToF03_U7W11_LTR.mzML",195.049514770508,391.110229492188,180.02555847168,137.021026611328,153.017036910017,135.005874633789,109.027364565,153.019409179688,109.028038024902,187.098007202148,209.075942993164,125.096485137939,97.0629692077637,204.063568115234,186.054748535156,158.057632446289,142.063568115234,135.031799316406,92.024658203125,180.066108703613,248.05046081543,163.037628173828,131.033325195312,199.017150878906,87.0445022583008,187.069625854492,169.058303833008,145.060646057129,127.049156188965,125.070217132568,326.084289550781,675.1630859375,150.056182861328,175.021545410156,113.022308349609,218.100250244141,286.087463378906,146.081100463867,88.0394058227539,367.155487060547,435.13947281,96.9585456,137.024139404297,93.03260449,175.022277832031,157.011703491211,167.018569946289,357.02685546875,124.013771057129,243.059310913086,289.063201904297,193.035140991211,261.025024414062,113.0224609375,194.042449951172,150.053787231445,93.0326232910156,164.068801879883,232.057067871094,147.043182373047,308.095672607422,170.04248046875,87.00669488,151.026489257812,219.010345458984,108.018531799316,194.042999267578,150.052795410156,100.003921508789,93.0333633422852,283.064849853516,351.052856445312,151.023849487305,174.038375854492,242.023468017578,130.048080444336,114.016304016113,159.06494140625,115.073287963867,97.0626029968262,173.08235168457,195.061126708984,111.078430175781,181.046905517578,249.034271240234,137.052944175,122.033409118652,165.052734375,147.040832519531,308.072998046875,330.055236816406,215.112121582031,131.081085205078,129.102813720703,191.016937255859,173.006210327148,111.008544921875,154.995681762695,192.063171386719,74.0226516723633,151.036819458008,219.023696899414,107.047775268555,137.023086547852,93.0337829589844,129.019096374512,85.0267333984375,173.006118774414,129.016311645508,85.0267333984375
"../Converted/U_RNEG_mzML/ALZ_RNEG_ToF03_U7W12_SR.mzML",195.05012512207,391.111724853516,180.029067993164,137.023597717285,153.017036910017,135.005774883,109.027364565,153.019409179688,109.028038024902,187.098007202148,209.079490661621,125.096485137939,97.0629692077637,204.066467285156,186.054748535156,158.058471679688,142.063568115234,135.031799316406,92.024658203125,180.066108703613,248.051528930664,163.0375544,131.035232543945,199.019393920898,87.0445022583008,187.070022583008,169.057968139648,145.060646057129,127.050361633301,125.070217132568,326.083343505859,675.1572265625,150.056182861328,175.024261474609,113.022956848145,218.103622436523,286.089614868164,146.081100463867,88.0394058227539,367.153411865234,435.13947281,96.9585456,137.024139404297,93.0332870483398,175.023506164551,157.013862609863,167.018905639648,357.028686523438,124.013473510742,243.059951782227,289.063537597656,193.035140991211,261.024871826172,113.0224609375,194.045974731445,150.056701660156,93.0337181091309,164.071388244629,232.057067871094,147.043182373047,308.097534179688,170.043243408203,87.00669488,151.026489257812,219.011009216309,108.019588470459,194.046234130859,150.054489135742,100.003921508789,93.0333633422852,283.066589355469,351.052673339844,151.025268554688,174.041458129883,242.024765014648,130.05012512207,114.016334533691,159.06494140625,115.073883056641,97.0630187988281,173.08235168457,195.063705444336,111.078498840332,181.048217773438,249.036361694336,137.052944175,122.033169475,165.054504394531,147.041297912598,308.075866699219,330.0550491,215.113014221191,131.081085205078,129.102813720703,191.019058227539,173.009567260742,111.008544921875,154.999114990234,192.065826416016,74.0226058959961,151.038627624512,219.023086547852,107.047775268555,137.023086547852,93.0337829589844,129.019096374512,85.0268363952637,173.009552001953,129.017402648926,85.0270385742188
"../Converted/U_RNEG_mzML/ALZ_RNEG_ToF03_U7W23_LTR.mzML",195.05012512207,391.1064453125,180.026031494141,137.023597717285,153.017036910017,135.005774883,109.027364565,153.019409179688,109.028038024902,187.098007202148,209.079490661621,125.096485137939,97.0629692077637,204.066467285156,186.054748535156,158.058471679688,142.063568115234,135.031799316406,92.024658203125,180.066108703613,248.051528930664,163.038558959961,131.035232543945,199.019393920898,87.0445022583008,187.069624313544,169.059371948242,145.060646057129,127.050361633301,125.070217132568,326.083435058594,675.158752441406,150.056182861328,175.024261474609,113.022956848145,218.100448608398,286.089614868164,146.081100463867,88.0394058227539,367.154113769531,435.13947281,96.9585456,137.024139404297,93.0332870483398,175.023506164551,157.01164479,167.018905639648,357.028686523438,124.013473510742,243.061920166016,289.063537597656,193.035140991211,261.025024414062,113.0224609375,194.045974731445,150.054306030273,93.03260449,164.068692532696,232.057067871094,147.043182373047,308.097534179688,170.043090820312,87.00669488,151.026489257812,219.010665893555,108.019588470459,194.046234130859,150.054489135742,100.003921508789,93.0333633422852,283.066589355469,351.052673339844,151.025268554688,174.041458129883,242.024765014648,130.05012512207,114.016494750977,159.06494140625,115.073883056641,97.0626029968262,173.08235168457,195.063705444336,111.078498840332,181.048217773438,249.036361694336,137.052944175,122.033169475,165.054504394531,147.041297912598,308.075866699219,330.0550491,215.113014221191,131.081085205078,129.102828979492,191.019058227539,173.009567260742,111.007041931152,154.999114990234,192.065826416016,74.0228576660156,151.038627624512,219.024078369141,107.047775268555,137.023086547852,93.0337829589844,129.019012451172,85.0268363952637,173.009552001953,129.017402648926,85.0270385742188
"../Converted/U_RNEG_mzML/ALZ_RNEG_ToF03_U7W24_SR.mzML",195.050079345703,391.108276367188,180.029067993164,137.023597717285,153.017036910017,135.005774883,109.027364565,153.019409179688,109.028038024902,187.098007202148,209.079490661621,125.096485137939,97.0629692077637,204.066467285156,186.054489135742,158.058471679688,142.063568115234,135.031799316406,92.024658203125,180.066108703613,248.051528930664,163.038558959961,131.033016775266,199.019393920898,87.0445022583008,187.072937011719,169.059371948242,145.060646057129,127.050361633301,125.069381713867,326.083374023438,675.164672851562,150.056182861328,175.024261474609,113.022422790527,218.103622436523,286.085906982422,146.081100463867,88.0394058227539,367.154327392578,435.13947281,96.9585456,137.024139404297,93.0332870483398,175.023506164551,157.013862609863,167.018753051758,357.026733398438,124.013473510742,243.058654785156,289.065246582031,193.035140991211,261.025024414062,113.02230464,194.045974731445,150.056701660156,93.0337181091309,164.068692532696,232.057067871094,147.042999267578,308.094085693359,170.043243408203,87.0075073242188,151.026489257812,219.010757446289,108.019588470459,194.04297063178,150.054489135742,100.003921508789,93.0333633422852,283.064270019531,351.049774169922,151.025268554688,174.041458129883,242.024765014648,130.05012512207,114.016773223877,159.06494140625,115.073883056641,97.0626678466797,173.08235168457,195.063705444336,111.078498840332,181.048217773438,249.033294677734,137.0537109375,122.033195495605,165.054504394531,147.041297912598,308.073120117188,330.055816650391,215.112060546875,131.081085205078,129.102447509766,191.016891479492,173.009567260742,111.008544921875,154.99626159668,192.065826416016,74.0228576660156,151.038627624512,219.022918701172,107.047477722168,137.023086547852,93.0337829589844,129.019096374512,85.0268363952637,173.009552001953,129.017402648926,85.0270385742188
"../Converted/U_RNEG_mzML/ALZ_RNEG_ToF03_U7W35_LTR.mzML",195.049514770508,391.109771728516,180.025405883789,137.02099609375,153.017036910017,135.005783081055,109.027404785156,153.019409179688,109.028038024902,187.094802856445,209.076095581055,125.096485137939,97.0626754760742,204.063583374023,186.054748535156,158.057662963867,142.063003540039,135.031799316406,92.024658203125,180.066108703613,248.051528930664,163.038558959961,131.035232543945,199.01725769043,87.0445022583008,187.072937011719,169.057723999023,145.060646057129,127.050361633301,125.070217132568,326.084289550781,675.160583496094,150.056182861328,175.021377563477,113.022956848145,218.100128173828,286.087066650391,146.081100463867,88.0394058227539,367.155059814453,435.13947281,96.9585456,137.024139404297,93.0332870483398,175.022201538086,157.01171875,167.018569946289,357.027130126953,124.013473510742,243.058654785156,289.062713623047,193.031997680664,261.025024414062,113.0224609375,194.042541503906,150.056701660156,93.0337181091309,164.071388244629,232.057067871094,147.044235229492,308.094635009766,170.042465209961,87.00669488,151.026489257812,219.009765625,108.019588470459,194.042984008789,150.052780151367,100.003921508789,93.0333633422852,283.064544677734,351.05126953125,151.025268554688,174.041458129883,242.024063110352,130.05012512207,114.016773223877,159.06494140625,115.073471069336,97.0626029968262,173.08235168457,195.061126708984,111.078506469727,181.047103881836,249.034408569336,137.052944175,122.033294677734,165.052764892578,147.040939331055,308.073577880859,330.055084228516,215.111801147461,131.081085205078,129.103469848633,191.016845703125,173.006134033203,111.008544921875,154.999114990234,192.063140869141,74.0228576660156,151.036758422852,219.023239135742,107.047775268555,137.023086547852,93.0337829589844,129.017064715,85.0267639160156,173.005920410156,129.01611328125,85.0270385742188
"../Converted/U_RNEG_mzML/ALZ_RNEG_ToF03_U7W36_SR.mzML",195.049606323242,391.107116699219,180.025787353516,137.021148681641,153.017036910017,135.005774883,109.027534484863,153.017059326172,109.028038024902,187.094787597656,209.076461791992,125.096485137939,97.0629692077637,204.063598632812,186.054748535156,158.057723999023,142.062896728516,135.031799316406,92.024658203125,180.066108703613,248.051528930664,163.038558959961,131.033538818359,199.017684936523,87.0445022583008,187.069625854492,169.057922363281,145.060646057129,127.050361633301,125.070217132568,326.084289550781,675.161437988281,150.053771972656,175.021591186523,113.022438049316,218.100524902344,286.087585449219,146.081100463867,88.0394058227539,367.15576171875,435.13947281,96.9585456,137.024139404297,93.0332870483398,175.022201538086,157.013862609863,167.018569946289,357.027038574219,124.013473510742,243.059036254883,289.062866210938,193.032180786133,261.025024414062,113.0224609375,194.042984008789,150.056701660156,93.03260449,164.068710327148,232.057067871094,147.044403076172,308.095245361328,170.042495727539,87.00669488,151.023895263672,219.010757446289,108.018493652344,194.043090820312,150.053039550781,100.003921508789,93.0333633422852,283.065124511719,351.052795410156,151.025268554688,174.038299560547,242.023818969727,130.048095703125,114.016296386719,159.06494140625,115.073394775391,97.0626029968262,173.079360961914,195.063705444336,111.07837677002,181.047256469727,249.033569335938,137.052944175,122.033462524414,165.052719116211,147.040893554688,308.07421875,330.0550491,215.111968994141,131.081085205078,129.10285949707,191.016891479492,173.006149291992,111.008544921875,154.995681762695,192.063262939453,74.0227355957031,151.036865234375,219.023513793945,107.047409057617,137.023086547852,93.0337829589844,129.019096374512,85.0268363952637,173.006332397461,129.016571044922,85.026725769043
"../Converted/U_RNEG_mzML/ALZ_RNEG_ToF03_U7W47_LTR.mzML",195.049530029297,391.110778808594,180.026336669922,137.021087646484,153.017044067383,135.005774883,109.027397155762,153.017044067383,109.028038024902,187.095016479492,209.076309204102,125.096485137939,97.0629692077637,204.063629150391,186.054290771484,158.057800292969,142.062927246094,135.029235839844,92.0236434936523,180.063919067383,248.050857543945,163.037780761719,131.033020019531,199.018356323242,87.0445022583008,187.070770263672,169.059158325195,145.059371948242,127.049171447754,125.069198608398,326.084289550781,675.163879394531,150.053939819336,175.021606445312,113.02237701416,218.100601196289,286.087951660156,146.079864501953,88.0388259887695,367.156158447266,435.13947281,96.9585456,137.024139404297,93.0332870483398,175.022354125977,157.011810302734,167.018997192383,357.029052734375,124.013145446777,243.059509277344,289.063140869141,193.035140991211,261.025024414062,113.0224609375,194.04313659668,150.053802490234,93.0326614379883,164.068725585938,232.057067871094,147.043182373047,308.096771240234,170.042938232422,87.00669488,151.024063110352,219.011322021484,108.018432617188,194.043182373047,150.053024291992,100.003921508789,93.0333633422852,283.064758300781,351.053253173828,151.023742675781,174.041458129883,242.024139404297,130.048553466797,114.016708374023,159.06494140625,115.073348999023,97.0626029968262,173.079376220703,195.061096191406,111.078498840332,181.047485351562,249.033294677734,137.052944175,122.033752441406,165.052780151367,147.041122436523,308.074462890625,330.056549072266,215.112548828125,131.080368041992,129.102813720703,191.018020629883,173.00732421875,111.007041931152,154.996643066406,192.063659667969,74.0226135253906,151.037261962891,219.024673461914,107.047394265,137.022018432617,93.0337829589844,129.017135620117,85.0268020629883,173.006759643555,129.017074584961,85.0270080566406
"../Converted/U_RNEG_mzML/ALZ_RNEG_ToF03_U7W48_SR.mzML",195.04948425293,391.110290527344,180.026123046875,137.02099609375,153.017044067383,135.005828857422,109.027420043945,153.017074584961,109.027450561523,187.095275878906,209.07682800293,125.09513092041,97.0626449584961,204.064086914062,186.054306030273,158.057739257812,142.063323974609,135.029235839844,92.024658203125,180.066108703613,248.050430297852,163.037857055664,131.035232543945,199.018112182617,87.0445022583008,187.070404052734,169.058135986328,145.058959960938,127.050361633301,125.069610595703,326.084289550781,675.164428710938,150.053817749023,175.021911621094,113.022308349609,218.101058959961,286.087371826172,146.079849243164,88.0394058227539,367.15625,435.13947281,96.9585456,137.022369384766,93.0326080322266,175.022262573242,157.011947631836,167.018585205078,357.027984619141,124.013153076172,243.058654785156,289.062713623047,193.032730102539,261.025024414062,113.022415161133,194.043670654297,150.053817749023,93.0326080322266,164.068695068359,232.056533813477,147.042999267578,308.096160888672,170.042816162109,87.0066986083984,151.02409362793,219.010345458984,108.01847076416,194.043594360352,150.053176879883,100.003921508789,93.0326995849609,283.064971923828,351.051391601562,151.023910522461,174.038604736328,242.024368286133,130.048263549805,114.016639709473,159.064010620117,115.073577880859,97.0626029968262,173.079376220703,195.061401367188,111.07837677002,181.046920776367,249.034851074219,137.052944175,122.033996582031,165.052917480469,147.041564941406,308.074981689453,330.0550491,215.112899780273,131.080108642578,129.102813720703,191.017440795898,173.006866455078,111.008544921875,154.99626159668,192.063720703125,74.0226669311523,151.037292480469,219.024719238281,107.047775268555,137.022232055664,93.0337829589844,129.017074584961,85.0268363952637,173.006942749023,129.01692199707,85.0269393920898
"../Converted/U_RNEG_mzML/ALZ_RNEG_ToF03_U7W59_LTR.mzML",195.049850463867,391.110107421875,180.026412963867,137.021011352539,153.017059326172,135.005798339844,109.027404785156,153.017166137695,109.028038024902,187.095016479492,209.076950073242,125.09513092041,97.0629577636719,204.063674926758,186.054229736328,158.058120727539,142.063034057617,135.029251098633,92.024658203125,180.063934326172,248.050628662109,163.037567138672,131.033020019531,199.018142700195,87.0445022583008,187.070495605469,169.059600830078,145.058990478516,127.049224853516,125.069717407227,326.084289550781,675.163513183594,150.053756713867,175.021621704102,113.02237701416,218.101333618164,286.088195800781,146.079833984375,88.0387802124023,367.156555175781,435.13947281,96.9585456,137.022399902344,93.0326080322266,175.022201538086,157.011749267578,167.019134521484,357.027465820312,124.013175964355,243.058776855469,289.062927246094,193.035140991211,261.025024414062,113.0224609375,194.04345703125,150.053787231445,93.0337181091309,164.068862915039,232.056686401367,147.043106079102,308.096069335938,170.043243408203,87.0067367553711,151.024032592773,219.010803222656,108.018432617188,194.043716430664,150.05322265625,100.003921508789,93.0333633422852,283.064544677734,351.051635742188,151.023742675781,174.041458129883,242.023529052734,130.048263549805,114.016487121582,159.06494140625,115.073738098145,97.0626029968262,173.07942199707,195.061141967773,111.078582763672,181.047897338867,249.033950805664,137.052944175,122.033958435059,165.052810668945,147.04084777832,308.073852539062,330.0550491,215.112274169922,131.080459594727,129.102813720703,191.01725769043,173.007217407227,111.007041931152,154.996322631836,192.063598632812,74.0228576660156,151.037261962891,219.023696899414,107.047637939453,137.021987915039,93.0337829589844,129.017074584961,85.0268630981445,173.006820678711,129.017211914062,85.0272216796875
"../Converted/U_RNEG_mzML/ALZ_RNEG_ToF03_U7W60_SR.mzML",195.049697875977,391.111053466797,180.02653503418,137.021072387695,153.017044067383,135.005828857422,109.027473449707,153.017074584961,109.028038024902,187.095169067383,209.07633972168,125.095504760742,97.0629692077637,204.063583374023,186.054306030273,158.058044433594,142.062973022461,135.029266357422,92.024658203125,180.064010620117,248.050354003906,163.037796020508,131.033020019531,199.018295288086,87.0445022583008,187.070892333984,169.059112548828,145.059341430664,127.049156188965,125.069915771484,326.084289550781,675.158630371094,150.053894042969,175.021484375,113.022323608398,218.10107421875,286.087585449219,146.080017089844,88.0394058227539,367.156005859375,435.13947281,96.9585456,137.022369384766,93.0326080322266,175.022201538086,157.011749267578,167.019088745117,357.027404785156,124.013168334961,243.059677124023,289.062744140625,193.033874511719,261.025024414062,113.022575378418,194.043960571289,150.05403137207,93.0337181091309,164.069244384766,232.057067871094,147.043182373047,308.095703125,170.043045043945,87.0067291259766,151.024002075195,219.010498046875,108.019588470459,194.043746948242,150.052963256836,100.003921508789,93.0326538085938,283.065399169922,351.052795410156,151.02375793457,174.039047241211,242.024475097656,130.048294067383,114.017135620117,159.063919067383,115.073509216309,97.0626029968262,173.079483032227,195.061233520508,111.078521728516,181.047348022461,249.034576416016,137.052944175,122.033973693848,165.052764892578,147.042007446289,308.074523925781,330.056671142578,215.112228393555,131.08039855957,129.102066040039,191.018081665039,173.007217407227,111.00707244873,154.996765136719,192.064117431641,74.0228576660156,151.036895751953,219.023300170898,107.04768371582,137.022048950195,93.0337829589844,129.01708984375,85.0268363952637,173.006576538086,129.017150878906,85.0271453857422
"../Converted/U_RNEG_mzML/ALZ_RNEG_ToF03_U7W71_LTR.mzML",195.049896240234,391.109985351562,180.026153564453,137.020980834961,153.017059326172,135.005783081055,109.027389526367,153.017150878906,109.028038024902,187.095245361328,209.076904296875,125.095138549805,97.0629806518555,204.064208984375,186.054748535156,158.057632446289,142.062942504883,135.029235839844,92.024658203125,180.066108703613,248.050399780273,163.037658691406,131.035232543945,199.017593383789,87.0445022583008,187.069641113281,169.057907104492,145.058990478516,127.049125671387,125.069297790527,326.084289550781,675.15771484375,150.053802490234,175.021453857422,113.022346496582,218.100494384766,286.088073730469,146.079879760742,88.0394058227539,367.156585693359,435.13947281,96.9585456,137.022384643555,93.0326690673828,175.022262573242,157.011657714844,167.018768310547,357.028350830078,124.013160705566,243.058944702148,289.063079833984,193.035140991211,261.025024414062,113.022415161133,194.043350219727,150.053833007812,93.0326232910156,164.068695068359,232.056549072266,147.043182373047,308.094299316406,170.042739868164,87.00669488,151.023986816406,219.010406494141,108.019588470459,194.043487548828,150.052764892578,100.003921508789,93.0326309204102,283.064880371094,351.051391601562,151.023971557617,174.038330078125,242.024002075195,130.048202514648,114.016334533691,159.06494140625,115.073509216309,97.0626029968262,173.079437255859,195.061141967773,111.07884979248,181.047332763672,249.03450012207,137.052944175,122.033767700195,165.052764892578,147.041107177734,308.074432373047,330.055450439453,215.112319946289,131.081085205078,129.102813720703,191.016876220703,173.006332397461,111.008544921875,154.996032714844,192.063217163086,74.0225982666016,151.037155151367,219.024597167969,107.047775268555,137.022247314453,93.0337829589844,129.017105102539,85.0268859863281,173.005966186523,129.016662597656,85.0268096923828
"../Converted/U_RNEG_mzML/ALZ_RNEG_ToF03_U7W72_SR.mzML",195.050018310547,391.110717773438,180.026596069336,137.021057128906,153.017044067383,135.005844116211,109.027488708496,153.017074584961,109.028038024902,187.09521484375,209.076736450195,125.096485137939,97.0629692077637,204.063781738281,186.054748535156,158.057876586914,142.062942504883,135.029235839844,92.024658203125,180.066108703613,248.050399780273,163.037643432617,131.033020019531,199.017517089844,87.0445022583008,187.07080078125,169.057525634766,145.059295654297,127.049270629883,125.069648742676,326.084289550781,675.156127929688,150.053833007812,175.021560668945,113.022354125977,218.101119995117,286.088012695312,146.079940795898,88.0386810302734,367.155944824219,435.13947281,96.9585456,137.022369384766,93.0326385498047,175.022323608398,157.011795043945,167.018768310547,357.02880859375,124.013153076172,243.05876159668,289.063415527344,193.035140991211,261.025024414062,113.0224609375,194.043823242188,150.054168701172,93.0326232910156,164.069000244141,232.057067871094,147.043182373047,308.096282958984,170.043243408203,87.0066986083984,151.024307250977,219.009811401367,108.019588470459,194.043045043945,150.053512573242,100.003921508789,93.0326232910156,283.065124511719,351.050537109375,151.024032592773,174.039154052734,242.023452758789,130.048233032227,114.017059326172,159.063934326172,115.07381439209,97.0626029968262,173.079345703125,195.061126708984,111.078399658203,181.047637939453,249.034164428711,137.052944175,122.033981323242,165.052871704102,147.04133605957,308.074157714844,330.055908203125,215.113296508789,131.080520629883,129.102813720703,191.017822265625,173.007019042969,111.007064819336,154.996627807617,192.063690185547,74.022705078125,151.036926269531,219.024383544922,107.047409057617,137.02214050293,93.0337829589844,129.017150878906,85.0267868041992,173.006896972656,129.017242431641,85.0268707275391
"../Converted/U_RNEG_mzML/ALZ_RNEG_ToF03_U7W83_LTR.mzML",195.049682617188,391.110473632812,180.025650024414,137.020980834961,153.017059326172,135.005920410156,109.027366638184,153.017074584961,109.028038024902,187.095321655273,209.076263427734,125.095199584961,97.0629196166992,204.064041137695,186.054595947266,158.057769775391,142.063568115234,135.029373168945,92.024658203125,180.064056396484,248.051483154297,163.037567138672,131.03303527832,199.017715454102,87.0445022583008,187.069641113281,169.057556152344,145.059310913086,127.049209594727,125.069282531738,326.084289550781,675.164123535156,150.053771972656,175.022354125977,113.022308349609,218.100936889648,286.086364746094,146.079986572266,88.0394058227539,367.155975341797,435.13947281,96.9585456,137.022369384766,93.0326156616211,175.0224609375,157.011993408203,167.019012451172,357.028991699219,124.013160705566,243.059585571289,289.063354492188,193.035140991211,261.025024414062,113.0224609375,194.043655395508,150.053833007812,93.0326156616211,164.068740844727,232.056594848633,147.043182373047,308.095153808594,170.042694091797,87.006706237793,151.023895263672,219.011108398438,108.019588470459,194.043640136719,150.052795410156,100.003921508789,93.0326461791992,283.064331054688,351.052124023438,151.023773193359,174.03874206543,242.023742675781,130.048461914062,114.016731262207,159.06494140625,115.073295593262,97.0626029968262,173.079666137695,195.061218261719,111.078422546387,181.047622680664,249.034957885742,137.052944175,122.033218383789,165.052780151367,147.041259765625,308.074645996094,330.059448242188,215.112014770508,131.08024597168,129.102142333984,191.017501831055,173.006744384766,111.007171630859,154.996200561523,192.063262939453,74.0226974487305,151.036804199219,219.024337768555,107.047760009766,137.022018432617,93.0337829589844,129.017120361328,85.0268363952637,173.006607055664,129.017227172852,85.0272064208984
"../Converted/U_RNEG_mzML/ALZ_RNEG_ToF03_U7W84_SR.mzML",195.04963684082,391.109771728516,180.026138305664,137.020980834961,153.017044067383,135.005874633789,109.027381896973,153.017074584961,109.02742767334,187.094924926758,209.076522827148,125.095176696777,97.0629692077637,204.064346313477,186.054748535156,158.058135986328,142.06330871582,135.029296875,92.024658203125,180.063934326172,248.051116943359,163.037719726562,131.033020019531,199.017990112305,87.0445022583008,187.070465087891,169.057800292969,145.059020996094,127.049186706543,125.069404602051,326.084289550781,675.163696289062,150.053863525391,175.022247314453,113.022331237793,218.100830078125,286.086975097656,146.079940795898,88.0387420654297,367.155792236328,435.13947281,96.9585456,137.022399902344,93.0326232910156,175.022262573242,157.011810302734,167.018753051758,357.027801513672,124.01318359375,243.059005737305,289.062713623047,193.032913208008,261.025024414062,113.022392272949,194.043914794922,150.053756713867,93.0326156616211,164.069061279297,232.057067871094,147.044128417969,308.094848632812,170.042633056641,87.0067138671875,151.023895263672,219.010375976562,108.018730163574,194.043273925781,150.053359985352,100.003921508789,93.0326385498047,283.065185546875,351.0517578125,151.024185180664,174.041458129883,242.024353027344,130.048141479492,114.016311645508,159.063980102539,115.073348999023,97.0626029968262,173.079513549805,195.061233520508,111.07884979248,181.047744750977,249.033950805664,137.0537109375,122.033660888672,165.053039550781,147.041656494141,308.074493408203,330.0550491,215.112701416016,131.080078125,129.102813720703,191.01741027832,173.006866455078,111.007095336914,154.996215820312,192.063598632812,74.0226745605469,151.037033081055,219.023406982422,107.047485351562,137.022094726562,93.0337829589844,129.01708984375,85.0267562866211,173.006713867188,129.016998291016,85.0270385742188
"../Converted/U_RNEG_mzML/ALZ_RNEG_ToF03_U7W95_LTR.mzML",195.049453735352,391.108764648438,180.025436401367,137.023597717285,153.017036910017,135.005981445312,109.027364565,153.017074584961,109.028038024902,187.098007202148,209.079490661621,125.096485137939,97.0629692077637,204.063873291016,186.054748535156,158.057769775391,142.063568115234,135.031799316406,92.024658203125,180.066108703613,248.051528930664,163.038101196289,131.033065795898,199.017028808594,87.0445022583008,187.072937011719,169.057739257812,145.060646057129,127.050361633301,125.06916809082,326.083892822266,675.156860351562,150.056182861328,175.024261474609,113.022956848145,218.103622436523,286.086212158203,146.081100463867,88.0394058227539,367.154479980469,435.13947281,96.9585456,137.024139404297,93.0332870483398,175.023506164551,157.013862609863,167.018890380859,357.027008056641,124.013473510742,243.058868408203,289.062927246094,193.035140991211,261.025024414062,113.02230464,194.042587280273,150.056701660156,93.0337181091309,164.071388244629,232.057067871094,147.042953491211,308.094390869141,170.043243408203,87.00669488,151.026489257812,219.011009216309,108.019588470459,194.046234130859,150.054489135742,100.003921508789,93.0333633422852,283.066589355469,351.049957275391,151.025268554688,174.041458129883,242.023651123047,130.048065185547,114.016773223877,159.06494140625,115.073883056641,97.0626029968262,173.08235168457,195.061279296875,111.078498840332,181.048217773438,249.03369140625,137.053436279297,122.033264160156,165.054504394531,147.041297912598,308.073150634766,330.060485839844,215.113014221191,131.080261230469,129.10319519043,191.016860961914,173.009567260742,111.008544921875,154.996078491211,192.065826416016,74.0228576660156,151.038627624512,219.023147583008,107.047775268555,137.023086547852,93.0337829589844,129.017288208008,85.0268363952637,173.009552001953,129.017402648926,85.0270385742188
"../Converted/U_RNEG_mzML/ALZ_RNEG_ToF03_U7W96_SR.mzML",195.049743652344,391.108551025391,180.029067993164,137.023597717285,153.017036910017,135.005996704102,109.027364565,153.019409179688,109.028038024902,187.098007202148,209.079490661621,125.095222473145,97.0629692077637,204.066467285156,186.054748535156,158.058471679688,142.062942504883,135.031799316406,92.024658203125,180.066108703613,248.051528930664,163.038558959961,131.035232543945,199.019393920898,87.0445022583008,187.072937011719,169.057647705078,145.060638427734,127.050361633301,125.072456359863,326.083465576172,675.166442871094,150.056182861328,175.024261474609,113.022956848145,218.103622436523,286.085723876953,146.081100463867,88.0394058227539,367.153198242188,435.13947281,96.9585456,137.024139404297,93.0331497192383,175.023506164551,157.013862609863,167.018905639648,357.028350830078,124.013473510742,243.059951782227,289.063537597656,193.035140991211,261.025024414062,113.0224609375,194.045974731445,150.056701660156,93.0326538085938,164.071388244629,232.057067871094,147.043182373047,308.094146728516,170.043243408203,87.0068664550781,151.026489257812,219.011009216309,108.0183797,194.046234130859,150.054489135742,100.003921508789,93.03260449,283.066589355469,351.049743652344,151.025268554688,174.039276123047,242.023803710938,130.05012512207,114.016311645508,159.06494140625,115.074073791504,97.0626029968262,173.08235168457,195.063705444336,111.078498840332,181.048217773438,249.03337097168,137.053359985352,122.033169475,165.052703857422,147.040802001953,308.073120117188,330.055419921875,215.113014221191,131.081085205078,129.10237121582,191.019058227539,173.009567260742,111.008544921875,154.995681762695,192.065826416016,74.0225896445,151.038627624512,219.024078369141,107.047439575195,137.023086547852,93.0337829589844,129.019096374512,85.0268478393555,173.009552001953,129.01606473,85.0270385742188
"../Converted/U_RNEG_mzML/ALZ_RNEG_ToF03_U9W11_LTR.mzML",195.050918579102,391.106628417969,180.029067993164,137.023597717285,153.018615722656,135.005774883,109.027458190918,153.019409179688,109.028038024902,187.098007202148,209.079490661621,125.096485137939,97.0629692077637,204.066467285156,186.054748535156,158.058471679688,142.063568115234,135.030517578125,92.024658203125,180.066108703613,248.051528930664,163.038558959961,131.035232543945,199.019393920898,87.0445022583008,187.072937011719,169.05973815918,145.060646057129,127.050361633301,125.070217132568,326.083435058594,675.169860839844,150.056182861328,175.024261474609,113.022956848145,218.103622436523,286.089614868164,146.081100463867,88.0394058227539,367.154113769531,435.13947281,96.9585456,137.024139404297,93.0332870483398,175.023506164551,157.013862609863,167.018905639648,357.028686523438,124.013473510742,243.059951782227,289.063537597656,193.035140991211,261.026702880859,113.02230464,194.045974731445,150.056701660156,93.0337181091309,164.071388244629,232.057067871094,147.043853759766,308.097534179688,170.042755126953,87.0077209472656,151.027191162109,219.011169433594,108.019588470459,194.046234130859,150.054489135742,100.003921508789,93.0333633422852,283.066589355469,351.052673339844,151.023742675781,174.041458129883,242.024765014648,130.05012512207,114.016593933105,159.06494140625,115.073883056641,97.0626029968262,173.08235168457,195.063705444336,111.078498840332,181.048217773438,249.036361694336,137.052944175,122.033169475,165.054504394531,147.041297912598,308.075866699219,330.0550491,215.113014221191,131.081085205078,129.102294921875,191.019058227539,173.009567260742,111.008544921875,154.999114990234,192.065826416016,74.0228576660156,151.038627624512,219.024078369141,107.047775268555,137.023086547852,93.0337829589844,129.019096374512,85.0268363952637,173.009552001953,129.017402648926,85.0270385742188
"../Converted/U_RNEG_mzML/ALZ_RNEG_ToF03_U9W12_SR.mzML",195.049437914545,391.111724853516,180.029067993164,137.023597717285,153.017990112305,135.005774883,109.027364565,153.019409179688,109.028038024902,187.098007202148,209.079490661621,125.096485137939,97.0629692077637,204.066467285156,186.054214477539,158.058471679688,142.063568115234,135.031799316406,92.024658203125,180.066108703613,248.051528930664,163.038558959961,131.035232543945,199.019393920898,87.0445022583008,187.072937011719,169.059371948242,145.059112548828,127.050361633301,125.070217132568,326.084747314453,675.169555664062,150.056182861328,175.022506713867,113.022750854492,218.103622436523,286.089614868164,146.081100463867,88.0394058227539,367.154113769531,435.13947281,96.9585456,137.024139404297,93.0332870483398,175.023506164551,157.013862609863,167.018905639648,357.028686523438,124.013473510742,243.059951782227,289.063537597656,193.035140991211,261.0244140625,113.0224609375,194.045974731445,150.056701660156,93.0337181091309,164.071388244629,232.057067871094,147.043182373047,308.097534179688,170.045288085938,87.00669488,151.023895263672,219.011009216309,108.019588470459,194.046234130859,150.054489135742,100.003921508789,93.0333633422852,283.066589355469,351.052673339844,151.023742675781,174.041458129883,242.024765014648,130.05012512207,114.016773223877,159.06494140625,115.073883056641,97.0626029968262,173.08235168457,195.063705444336,111.078498840332,181.048217773438,249.035110473633,137.052944175,122.033169475,165.054504394531,147.041297912598,308.075866699219,330.055114746094,215.113014221191,131.081085205078,129.102813720703,191.019058227539,173.009567260742,111.008544921875,154.999114990234,192.065826416016,74.0228576660156,151.038627624512,219.024078369141,107.047775268555,137.023086547852,93.0337829589844,129.019096374512,85.0268363952637,173.009552001953,129.017402648926,85.0270385742188
"../Converted/U_RNEG_mzML/ALZ_RNEG_ToF03_U9W71_LTR.mzML",195.049438476562,391.109588623047,180.025695800781,137.020980834961,153.017036910017,135.005844116211,109.027364565,153.019409179688,109.02742767334,187.094818115234,209.076080322266,125.096485137939,97.0629692077637,204.063613891602,186.054550170898,158.057647705078,142.062957763672,135.029327392578,92.0237503051758,180.066108703613,248.050720214844,163.037872314453,131.035232543945,199.017715454102,87.0445022583008,187.069625854492,169.057952880859,145.059951782227,127.050361633301,125.070217132568,326.084289550781,675.158813476562,150.05387878418,175.021667480469,113.022956848145,218.100357055664,286.087066650391,146.081100463867,88.0394058227539,367.156188964844,435.13947281,96.9585456,137.024139404297,93.0332870483398,175.02229309082,157.011688232422,167.018585205078,357.027435302734,124.01318359375,243.058700561523,289.063354492188,193.035140991211,261.025024414062,113.0224609375,194.042617797852,150.056701660156,93.0337181091309,164.068832397461,232.057067871094,147.043182373047,308.094512939453,170.042526245117,87.00669488,151.023895263672,219.010528564453,108.018783569336,194.043045043945,150.052780151367,100.003921508789,93.0333633422852,283.064758300781,351.050384521484,151.023742675781,174.041458129883,242.023635864258,130.05012512207,114.016334533691,159.06396484375,115.073425292969,97.0626029968262,173.079345703125,195.063705444336,111.07844543457,181.047012329102,249.03352355957,137.055633544922,122.033325195312,165.052719116211,147.041656494141,308.0732421875,330.05517578125,215.113014221191,131.081085205078,129.1025390625,191.016845703125,173.006149291992,111.008544921875,154.995758056641,192.063278198242,74.0228576660156,151.036804199219,219.024276733398,107.047477722168,137.023086547852,93.0337829589844,129.019096374512,85.0268363952637,173.005905151367,129.016326904297,85.026725769043
"../Converted/U_RNEG_mzML/ALZ_RNEG_ToF03_U9W72_SR.mzML",195.05012512207,391.111083984375,180.028289794922,137.023178100586,153.018600463867,135.006042480469,109.027755737305,153.018463134766,109.027984619141,187.097518920898,209.079147338867,125.096641540527,97.0629692077637,204.065460205078,186.055038452148,158.057983398438,142.063552856445,135.030807495117,92.0243530273438,180.065017700195,248.052124023438,163.038513183594,131.034927368164,199.020568847656,87.0446319580078,187.071929931641,169.060394287109,145.060775756836,127.050415039062,125.07120513916,326.084289550781,675.157958984375,150.054962158203,175.022613525391,113.022346496582,218.102844238281,286.089416503906,146.081268310547,88.0393676757812,367.156555175781,435.13947281,96.9585456,137.024291992188,93.0343856811523,175.023178100586,157.012786865234,167.018905639648,357.027587890625,124.013648986816,243.059860229492,289.062896728516,193.035140991211,261.025024414062,113.0224609375,194.045776367188,150.055999755859,93.0327377319336,164.071090698242,232.056610107422,147.043182373047,308.09619140625,170.043487548828,87.0068130493164,151.025833129883,219.009714805,108.019638061523,194.045394897461,150.054931640625,100.003143310547,93.0339508056641,283.064880371094,351.050842285156,151.025604248047,174.041458129883,242.024383544922,130.050064086914,114.01766204834,159.065338134766,115.073417663574,97.0626029968262,173.081802368164,195.062728881836,111.078430175781,181.047317504883,249.033325195312,137.052944175,122.033169475,165.054443359375,147.042694091797,308.075988769531,330.0550491,215.113235473633,131.080581665039,129.102600097656,191.018753051758,173.008651733398,111.008544921875,154.998107910156,192.065032958984,74.0226440429688,151.037338256836,219.025451660156,107.047394265,137.022399902344,93.0337829589844,129.018646240234,85.0283126831055,173.008865356445,129.01872253418,85.0287551879883
"../Converted/U_RNEG_mzML/ALZ_RNEG_ToF03_U9W83_LTR.mzML",195.05012512207,391.112457275391,180.029510498047,137.023956298828,153.019821166992,135.006500244141,109.027885437012,153.01936340332,109.028038024902,187.097900390625,209.079162597656,125.095947265625,97.0629692077637,204.066772460938,186.054748535156,158.059356689453,142.064956665039,135.031860351562,92.0258255004883,180.06672668457,248.052719116211,163.038803100586,131.03581237793,199.01789855957,87.0438232421875,187.072830200195,169.059371948242,145.061477661133,127.050415039062,125.069686889648,326.084289550781,675.162292480469,150.055892944336,175.024963378906,113.023323059082,218.103622436523,286.090179443359,146.082183837891,88.0400543212891,367.158416748047,435.13947281,96.9585456,137.022842407227,93.0341873168945,175.023300170898,157.01399230957,167.021789550781,357.031585693359,124.015106201172,243.060180664062,289.0634765625,193.035140991211,261.025024414062,113.0224609375,194.046981811523,150.057159423828,93.0340423583984,164.071258544922,232.057098388672,147.044631958008,308.09814453125,170.042602539062,87.0086059570312,151.026443481445,219.013092041016,108.020408630371,194.046600341797,150.054962158203,100.004295349121,93.0333633422852,283.0673828125,351.052856445312,151.025756835938,174.041717529297,242.02458190918,130.050994873047,114.016990661621,159.06494140625,115.073883056641,97.0639877319336,173.082229614258,195.064071655273,111.078498840332,181.049346923828,249.033294677734,137.052944175,122.033169475,165.054077148438,147.041198730469,308.076995849609,330.055206298828,215.11181640625,131.082397460938,129.103210449219,191.02067565918,173.009902954102,111.007568359375,154.998611450195,192.066680908203,74.0228576660156,151.040283203125,219.02278137207,107.047775268555,137.024078369141,93.0337829589844,129.019058227539,85.0268363952637,173.009735107422,129.017402648926,85.0270385742188
"../Converted/U_RNEG_mzML/ALZ_RNEG_ToF03_U9W84_SR.mzML",195.05012512207,391.1123046875,180.029190063477,137.023788452148,153.019668579102,135.006088256836,109.02864074707,153.019653320312,109.028221130371,187.098388671875,209.079437255859,125.097129821777,97.0629692077637,204.066619873047,186.054748535156,158.059600830078,142.063568115234,135.032089233398,92.02587890625,180.066757202148,248.052627563477,163.037826538086,131.035690307617,199.019393920898,87.0443420410156,187.072967529297,169.059371948242,145.061782836914,127.050888061523,125.072296142578,326.084289550781,675.158142089844,150.056884765625,175.02522277832,113.023559570312,218.103561401367,286.087493896484,146.081237792969,88.0394058227539,367.154052734375,435.13947281,96.9585456,137.024017333984,93.0345001220703,175.024124145508,157.014907836914,167.021270751953,357.031311035156,124.014770507812,243.058929443359,289.065155029297,193.035827636719,261.025024414062,113.0224609375,194.043930053711,150.056976318359,93.0348739624023,164.07145690918,232.056915283203,147.043182373047,308.096984863281,170.043655395508,87.00669488,151.026657104492,219.013671875,108.02018737793,194.046737670898,150.05549621582,100.003265380859,93.0333633422852,283.067108154297,351.054565429688,151.027099609375,174.041351318359,242.024765014648,130.050659179688,114.016773223877,159.067367553711,115.073883056641,97.0626029968262,173.082092285156,195.063827514648,111.078498840332,181.049667358398,249.033950805664,137.052944175,122.033169475,165.055419921875,147.041297912598,308.078033447266,330.057373046875,215.113189697266,131.080764770508,129.103485107422,191.019058227539,173.009567260742,111.008613586426,154.999145507812,192.066879272461,74.0228576660156,151.038627624512,219.023513793945,107.047775268555,137.02262878418,93.0337829589844,129.019927978516,85.0268363952637,173.010009765625,129.017402648926,85.0270385742188
"../Converted/U_RNEG_mzML/ALZ_RNEG_ToF03_U9W95_LTR.mzML",195.05094909668,391.111663818359,180.027923583984,137.023010253906,153.018676757812,135.006469726562,109.028114318848,153.018661499023,109.028038024902,187.097259521484,209.079223632812,125.096092224121,97.064208984375,204.066467285156,186.054550170898,158.058670043945,142.063079833984,135.030899047852,92.0246200561523,180.065673828125,248.052658081055,163.039749145508,131.034393310547,199.020477294922,87.0439453125,187.072067260742,169.059555053711,145.060501098633,127.050682067871,125.071189880371,326.084289550781,675.162963867188,150.055541992188,175.02375793457,113.023719787598,218.102828979492,286.088806152344,146.08088684082,88.0404510498047,367.158355712891,435.13947281,96.9585456,137.022888183594,93.032829284668,175.022659301758,157.013854980469,167.020599365234,357.030059814453,124.013397216797,243.05989074707,289.065155029297,193.035140991211,261.025024414062,113.0224609375,194.045822143555,150.055908203125,93.0327911376953,164.070755004883,232.056610107422,147.043243408203,308.096862792969,170.042465209961,87.00669488,151.025985717773,219.011337280273,108.019981384277,194.045989990234,150.054595947266,100.003479003906,93.0334777832031,283.067016601562,351.053497314453,151.024688720703,174.040512084961,242.024139404297,130.049499511719,114.016891479492,159.06494140625,115.076034545898,97.0626029968262,173.081588745117,195.062835693359,111.079399108887,181.04866027832,249.033676147461,137.052944175,122.034507751465,165.053909301758,147.041061401367,308.075866699219,330.055358886719,215.111862182617,131.080200195312,129.102264404297,191.019256591797,173.0087890625,111.008033752441,154.997970581055,192.06608581543,74.0226364135742,151.03889465332,219.02685546875,107.048843383789,137.021987915039,93.0337829589844,129.019088745117,85.0268363952637,173.008682250977,129.019104003906,85.0270385742188
"../Converted/U_RNEG_mzML/ALZ_RNEG_ToF03_U9W96_SR.mzML",195.05012512207,391.106994628906,180.028167724609,137.022689819336,153.018188476562,135.005774883,109.027641296387,153.017623901367,109.028045654297,187.0966796875,209.077880859375,125.09546661377,97.0629692077637,204.064956665039,186.054306030273,158.058197021484,142.063049316406,135.030700683594,92.0244750976562,180.065078735352,248.05094909668,163.038665771484,131.033782958984,199.020233154297,87.0439910888672,187.071411132812,169.061370849609,145.059600830078,127.050369262695,125.071365356445,326.084289550781,675.161987304688,150.055267333984,175.023056030273,113.023513793945,218.102493286133,286.087310791016,146.081359863281,88.0389785766602,367.157348632812,435.13947281,96.9585456,137.023162841797,93.0331726074219,175.022918701172,157.012924194336,167.020370483398,357.027282714844,124.01342010498,243.059631347656,289.063354492188,193.035018920898,261.025024414062,113.02367401123,194.042755126953,150.055633544922,93.0336456298828,164.069885253906,232.057067871094,147.042861938477,308.097412109375,170.043167114258,87.0072402954102,151.025787353516,219.010650634766,108.019134521484,194.044494628906,150.053833007812,100.003135681152,93.0335006713867,283.06640625,351.050842285156,151.024261474609,174.041458129883,242.023483276367,130.05012512207,114.018524169922,159.065521240234,115.074905395508,97.0626029968262,173.081161499023,195.062393188477,111.07869720459,181.047637939453,249.03662109375,137.052944175,122.034156799316,165.054260253906,147.041809082031,308.076263427734,330.0550491,215.114273071289,131.080993652344,129.102310180664,191.019058227539,173.00846862793,111.008323669434,154.997848510742,192.065322875977,74.0228958129883,151.038558959961,219.024047851562,107.049278259277,137.023452758789,93.0337829589844,129.017974853516,85.0268363952637,173.008712768555,129.018798828125,85.028678894043
"../Converted/U_RNEG_mzML/ALZ_RNEG_ToF03_U10W11_LTR.mzML",195.050216674805,391.111328125,180.028198242188,137.022613525391,153.018402099609,135.006057739258,109.027679443359,153.018051147461,109.028038024902,187.096694946289,209.078308105469,125.095993041992,97.0629692077637,204.064605712891,186.054412841797,158.057952880859,142.063583374023,135.030471801758,92.0246810913086,180.065399169922,248.052047729492,163.038635253906,131.03337097168,199.018142700195,87.0439453125,187.071670532227,169.060455322266,145.060470581055,127.049919128418,125.070739746094,326.084289550781,675.163269042969,150.054962158203,175.0234375,113.023452758789,218.102355957031,286.089019775391,146.081100463867,88.0393905639648,367.156890869141,435.13947281,96.9585456,137.023193359375,93.0327224731445,175.022445678711,157.012786865234,167.020446777344,357.027160644531,124.013893127441,243.060440063477,289.063110351562,193.034393310547,261.025024414062,113.022453308105,194.045318603516,150.055130004883,93.0335693359375,164.069030761719,232.057006835938,147.043182373047,308.096771240234,170.042770385742,87.00669488,151.025299072266,219.010711669922,108.018867492676,194.04443359375,150.053314208984,100.002586364746,93.033088684082,283.066589355469,351.052734375,151.024887084961,174.040298461914,242.02522277832,130.050170898438,114.018821716309,159.06494140625,115.074493408203,97.0626029968262,173.080627441406,195.062408447266,111.079048156738,181.046951293945,249.036895751953,137.054092407227,122.033233642578,165.054534912109,147.042602539062,308.075042724609,330.056518554688,215.112426757812,131.080856323242,129.102340698242,191.019195556641,173.008209228516,111.007507324219,154.998046875,192.065185546875,74.0228576660156,151.038238525391,219.023422241211,107.049179077148,137.022705078125,93.0337829589844,129.018310546875,85.0268363952637,173.007690429688,129.018600463867,85.0282974243164
"../Converted/U_RNEG_mzML/ALZ_RNEG_ToF03_U10W12_SR.mzML",195.05012512207,391.111419677734,180.028472900391,137.021759033203,153.018829345703,135.005950927734,109.02783203125,153.018463134766,109.028175354004,187.097030639648,209.077514648438,125.095428466797,97.0632476806641,204.066299438477,186.054260253906,158.058242797852,142.063842773438,135.030410766602,92.0249481201172,180.06510925293,248.050384521484,163.038589477539,131.034423828125,199.020004272461,87.0438079833984,187.071716308594,169.060592651367,145.060485839844,127.050659179688,125.070434570312,326.084289550781,675.157958984375,150.055633544922,175.023223876953,113.02360534668,218.10270690918,286.089111328125,146.081420898438,88.0388412475586,367.157135009766,435.13947281,96.9585456,137.023895263672,93.0335693359375,175.024353027344,157.013870239258,167.018905639648,357.026794433594,124.014183044434,243.060638427734,289.064697265625,193.034591674805,261.025024414062,113.022827148438,194.045684814453,150.05598449707,93.0337448120117,164.070922851562,232.057159423828,147.043182373047,308.095367431641,170.043823242188,87.0075836181641,151.025588989258,219.013275146484,108.01976776123,194.04541015625,150.055435180664,100.002922058105,93.0336837768555,283.065643310547,351.052490234375,151.024108886719,174.040145874023,242.023818969727,130.04948425293,114.018768310547,159.065902709961,115.073783874512,97.0649948120117,173.081481933594,195.062606811523,111.078468322754,181.047653198242,249.036880493164,137.052944175,122.033169475,165.053039550781,147.042907714844,308.075164794922,330.055328369141,215.113555908203,131.08203125,129.102905273438,191.019058227539,173.008316040039,111.008293151855,154.998123168945,192.065811157227,74.0233840942383,151.039657592773,219.025482177734,107.047775268555,137.023818969727,93.0337829589844,129.018692016602,85.0272521972656,173.008651733398,129.019241333008,85.0270385742188
"../Converted/U_RNEG_mzML/ALZ_RNEG_ToF03_U10W23_LTR.mzML",195.051696777344,391.111724853516,180.025634765625,137.022705078125,153.01953125,135.005774883,109.027687072754,153.019119262695,109.028038024902,187.098220825195,209.079208374023,125.096992492676,97.0629692077637,204.066741943359,186.054748535156,158.059097290039,142.063568115234,135.031951904297,92.024528503418,180.066162109375,248.053344726562,163.039596557617,131.035385131836,199.017486572266,87.0451202392578,187.072708129883,169.061782836914,145.061019897461,127.050621032715,125.072082519531,326.084289550781,675.155944824219,150.056716918945,175.024475097656,113.023231506348,218.103134155273,286.089935302734,146.081802368164,88.0394058227539,367.158752441406,435.13947281,96.9585456,137.024566650391,93.0336303710938,175.02278137207,157.012145996094,167.018905639648,357.031005859375,124.014312744141,243.060577392578,289.065368652344,193.035140991211,261.025024414062,113.023376464844,194.046722412109,150.056701660156,93.0344085693359,164.071578979492,232.057327270508,147.043182373047,308.09765625,170.043243408203,87.00669488,151.025299072266,219.013793945312,108.020622253418,194.046646118164,150.055938720703,100.003021240234,93.0341644287109,283.067260742188,351.051361083984,151.024444580078,174.041351318359,242.025146484375,130.050918579102,114.017097473145,159.06494140625,115.073509216309,97.0626029968262,173.08219909668,195.064117431641,111.078498840332,181.047317504883,249.037994384766,137.052944175,122.033169475,165.054916381836,147.041763305664,308.077423095703,330.0550491,215.111999511719,131.081100463867,129.102493286133,191.019378662109,173.009307861328,111.007591247559,154.99885559082,192.065170288086,74.0244140625,151.040100097656,219.023193359375,107.047775268555,137.023727416992,93.0328598022461,129.019836425781,85.0268363952637,173.009765625,129.017402648926,85.0270385742188
"../Converted/U_RNEG_mzML/ALZ_RNEG_ToF03_U10W24_SR.mzML",195.05012512207,391.112426757812,180.030166625977,137.024169921875,153.020324707031,135.007019042969,109.027364565,153.019134521484,109.027633666992,187.098327636719,209.079605102539,125.096832275391,97.0629692077637,204.067108154297,186.054748535156,158.060760498047,142.063568115234,135.032608032227,92.024658203125,180.067123413086,248.054092407227,163.039993286133,131.036163330078,199.020645141602,87.0445022583008,187.074188232422,169.059371948242,145.061782836914,127.049110412598,125.069900512695,326.084289550781,675.161254882812,150.05647277832,175.024749755859,113.022956848145,218.104446411133,286.089904785156,146.081405639648,88.0394058227539,367.157135009766,435.13947281,96.9585456,137.025283813477,93.0332870483398,175.024841308594,157.014389038086,167.018905639648,357.031311035156,124.014228820801,243.06005859375,289.063323974609,193.035140991211,261.025024414062,113.0224609375,194.045974731445,150.057327270508,93.0337181091309,164.07258605957,232.057189941406,147.044235229492,308.099029541016,170.043243408203,87.00669488,151.027389526367,219.011009216309,108.019588470459,194.047119140625,150.054489135742,100.003921508789,93.0333633422852,283.067810058594,351.055358886719,151.026000976562,174.042541503906,242.027587890625,130.05012512207,114.016773223877,159.067504882812,115.073883056641,97.0626029968262,173.082382202148,195.064239501953,111.078498840332,181.049819946289,249.038009643555,137.052944175,122.035682678223,165.05534362793,147.042434692383,308.076995849609,330.0550491,215.11181640625,131.081085205078,129.105087280273,191.019058227539,173.010589599609,111.008544921875,155,192.065948486328,74.0228576660156,151.038627624512,219.027587890625,107.047775268555,137.023986816406,93.0338745117188,129.019096374512,85.0268363952637,173.009552001953,129.017402648926,85.0270385742188
"../Converted/U_RNEG_mzML/ALZ_RNEG_ToF03_U10W35_LTR.mzML",195.05012512207,391.112091064453,180.029846191406,137.024322509766,153.01985168457,135.007690429688,109.028274536133,153.019607543945,109.029251098633,187.098663330078,209.079788208008,125.097885131836,97.0629692077637,204.06721496582,186.054992675781,158.057632446289,142.063018798828,135.032501220703,92.024658203125,180.067291259766,248.052017211914,163.038986206055,131.035766601562,199.019393920898,87.0455474853516,187.073684692383,169.059371948242,145.061477661133,127.050361633301,125.070217132568,326.084289550781,675.163024902344,150.057342529297,175.025451660156,113.022956848145,218.104354858398,286.090240478516,146.081756591797,88.0394058227539,367.158569335938,435.13947281,96.9585456,137.024658203125,93.0332870483398,175.023818969727,157.014602661133,167.018905639648,357.030395507812,124.014762878418,243.060073852539,289.064056396484,193.035140991211,261.025024414062,113.023071289062,194.045974731445,150.057113647461,93.0337181091309,164.072326660156,232.056900024414,147.043182373047,308.098937988281,170.043273925781,87.0086441040039,151.027496337891,219.010147094727,108.019588470459,194.046585083008,150.054489135742,100.004699707031,93.0333633422852,283.065032958984,351.054626464844,151.026901245117,174.042449951172,242.023727416992,130.048049926758,114.016773223877,159.06494140625,115.073883056641,97.0626029968262,173.082885742188,195.064590454102,111.078498840332,181.049224853516,249.037124633789,137.053466796875,122.034805297852,165.054672241211,147.041297912598,308.077362060547,330.055053710938,215.112380981445,131.081085205078,129.102905273438,191.019058227539,173.010330200195,111.010162353516,154.99567503,192.066757202148,74.0228576660156,151.038627624512,219.02278137207,107.047775268555,137.023345947266,93.0337829589844,129.019096374512,85.0268363952637,173.009643554688,129.017402648926,85.0270385742188
"../Converted/U_RNEG_mzML/ALZ_RNEG_ToF03_U10W36_SR.mzML",195.05012512207,391.112152099609,180.029922485352,137.024658203125,153.019973754883,135.005774883,109.028442382812,153.01953125,109.029067993164,187.098907470703,209.080215454102,125.095329284668,97.0629692077637,204.067352294922,186.054916381836,158.058166503906,142.063812255859,135.032257080078,92.024658203125,180.066802978516,248.054077148438,163.037811279297,131.035919189453,199.019897460938,87.0439300537109,187.074081420898,169.059371948242,145.060646057129,127.051620483398,125.070217132568,326.084289550781,675.161560058594,150.057281494141,175.025161743164,113.022956848145,218.103698730469,286.090789794922,146.082275390625,88.0394058227539,367.157531738281,435.13947281,96.9585456,137.025085449219,93.0332870483398,175.025100708008,157.015182495117,167.018905639648,357.031280517578,124.014717102051,243.060546875,289.063537597656,193.035140991211,261.025024414062,113.0224609375,194.045974731445,150.05744934082,93.0327453613281,164.072219848633,232.059234619141,147.043365478516,308.098419189453,170.043243408203,87.00669488,151.027084350586,219.011009216309,108.019588470459,194.046997070312,150.054489135742,100.003921508789,93.0333633422852,283.067901611328,351.051361083984,151.027053833008,174.042602539062,242.028945922852,130.048416137695,114.016773223877,159.06755065918,115.073883056641,97.0631713867188,173.083297729492,195.064376831055,111.078498840332,181.047866821289,249.037948608398,137.053131103516,122.034309387207,165.055038452148,147.041297912598,308.077209472656,330.0550491,215.114227294922,131.081085205078,129.102569580078,191.019058227539,173.010375976562,111.008544921875,154.999114990234,192.066452026367,74.0228576660156,151.039779663086,219.024078369141,107.047714233398,137.023086547852,93.0337829589844,129.020492553711,85.0268363952637,173.010498046875,129.017402648926,85.0270385742188
"../Converted/U_RNEG_mzML/ALZ_RNEG_ToF03_U10W47_LTR.mzML",195.05012512207,391.111999511719,180.029769897461,137.024505615234,153.020172119141,135.007064819336,109.02758026123,153.020370483398,109.028038024902,187.098663330078,209.080322265625,125.097763061523,97.0629692077637,204.066879272461,186.054748535156,158.059860229492,142.065704345703,135.032852172852,92.024658203125,180.066787719727,248.052154541016,163.038482666016,131.036270141602,199.022399902344,87.0457992553711,187.073852539062,169.059371948242,145.060646057129,127.050361633301,125.070217132568,326.084289550781,675.156311035156,150.056991577148,175.025573730469,113.022956848145,218.103942871094,286.090728759766,146.082138061523,88.0394058227539,367.158142089844,435.13947281,96.9585456,137.023590087891,93.0328598022461,175.023635864258,157.014022827148,167.018905639648,357.030090332031,124.015472412109,243.060852050781,289.062927246094,193.035140991211,261.025024414062,113.0224609375,194.045974731445,150.057174682617,93.0337181091309,164.072082519531,232.056884765625,147.044479370117,308.097290039062,170.043960571289,87.0078735351562,151.027557373047,219.013870239258,108.019588470459,194.046798706055,150.054397583008,100.003921508789,93.0333633422852,283.066223144531,351.053009033203,151.024780273438,174.042770385742,242.02409362793,130.05012512207,114.016773223877,159.06494140625,115.073883056641,97.0626029968262,173.082992553711,195.064163208008,111.078498840332,181.050399780273,249.037689208984,137.052944175,122.035682678223,165.055038452148,147.041297912598,308.074554443359,330.0550491,215.112411499023,131.081085205078,129.10383605957,191.019058227539,173.01025390625,111.008544921875,154.999114990234,192.064971923828,74.0228576660156,151.040725708008,219.025085449219,107.047775268555,137.025314331055,93.0337829589844,129.020294189453,85.0268363952637,173.010543823242,129.017402648926,85.02672458
"../Converted/U_RNEG_mzML/ALZ_RNEG_ToF03_U10W48_SR.mzML",195.05012512207,391.112335205078,180.029266357422,137.02458190918,153.020462036133,135.006591796875,109.027364565,153.020416259766,109.028045654297,187.098876953125,209.079925537109,125.098236083984,97.0629692077637,204.067626953125,186.054870605469,158.058471679688,142.063568115234,135.032287597656,92.024658203125,180.066650390625,248.054077148438,163.038116455078,131.0361328125,199.019393920898,87.0445022583008,187.073715209961,169.059295654297,145.060646057129,127.050361633301,125.070217132568,326.084289550781,675.158996582031,150.056991577148,175.025299072266,113.024894714355,218.104034423828,286.088348388672,146.082168579102,88.0394058227539,367.158355712891,435.13947281,96.9585456,137.025573730469,93.0332870483398,175.025497436523,157.015380859375,167.018905639648,357.027954101562,124.01342010498,243.05989074707,289.062805175781,193.036590576172,261.027801513672,113.0224609375,194.046737670898,150.057418823242,93.0337181091309,164.072067260742,232.059097290039,147.043182373047,308.098114013672,170.046096801758,87.00669488,151.027557373047,219.012481689453,108.019588470459,194.047027587891,150.054290771484,100.003921508789,93.0333633422852,283.066528320312,351.053161621094,151.024978637695,174.042327880859,242.024993896484,130.048095703125,114.016773223877,159.067687988281,115.073883056641,97.0626029968262,173.082824707031,195.064575195312,111.078498840332,181.048217773438,249.035232543945,137.053253173828,122.033169475,165.054046630859,147.041297912598,308.0771484375,330.0550491,215.11296081543,131.081817626953,129.102935791016,191.019058227539,173.010452270508,111.008544921875,154.999862670898,192.067535400391,74.0228576660156,151.038330078125,219.02555847168,107.047775268555,137.022476196289,93.0337829589844,129.018600463867,85.0268363952637,173.010360717773,129.017402648926,85.0270385742188
"../Converted/U_RNEG_mzML/ALZ_RNEG_ToF03_U10W59_LTR.mzML",195.05012512207,391.112274169922,180.029418945312,137.024642944336,153.020050048828,135.005774883,109.027404785156,153.019805908203,109.027450561523,187.098922729492,209.079849243164,125.096485137939,97.0629692077637,204.066802978516,186.054550170898,158.057922363281,142.063491821289,135.032623291016,92.024658203125,180.067352294922,248.051498413086,163.04069519043,131.036117553711,199.019775390625,87.0445022583008,187.074234008789,169.059371948242,145.062652587891,127.050361633301,125.070217132568,326.084289550781,675.16259765625,150.057327270508,175.025360107422,113.022956848145,218.104690551758,286.090545654297,146.082702636719,88.0394058227539,367.158874511719,435.13947281,96.9585456,137.024047851562,93.0332870483398,175.024688720703,157.015380859375,167.018905639648,357.030670166016,124.014472961426,243.062393188477,289.063385009766,193.035140991211,261.025024414062,113.0224609375,194.045974731445,150.057266235352,93.0337181091309,164.07209777832,232.057922363281,147.043182373047,308.099212646484,170.043243408203,87.0071563720703,151.026763916016,219.010360717773,108.019588470459,194.046783447266,150.054489135742,100.003921508789,93.0333633422852,283.066741943359,351.054443359375,151.026885986328,174.042449951172,242.024993896484,130.05012512207,114.016773223877,159.06494140625,115.073883056641,97.0626029968262,173.083053588867,195.064697265625,111.078506469727,181.048522949219,249.03889465332,137.053100585938,122.033332824707,165.056289672852,147.041397094727,308.075073242188,330.0550491,215.11506652832,131.080368041992,129.103149414062,191.019058227539,173.009567260742,111.008544921875,154.999114990234,192.066024780273,74.0228576660156,151.038627624512,219.023620605469,107.047775268555,137.023086547852,93.0337829589844,129.019104003906,85.0268363952637,173.009948730469,129.017402648926,85.0270385742188
"../Converted/U_RNEG_mzML/ALZ_RNEG_ToF03_U10W60_SR.mzML",195.050415039062,391.109466552734,180.026794433594,137.021667480469,153.01725769043,135.00617980957,109.027435302734,153.017501831055,109.027420043945,187.095733642578,209.077270507812,125.095207214355,97.0629692077637,204.06494140625,186.054275512695,158.058471679688,142.063491821289,135.029678344727,92.0237045288086,180.063934326172,248.050888061523,163.037704467773,131.033325195312,199.017333984375,87.043701171875,187.071243286133,169.0595703125,145.05973815918,127.049247741699,125.06950378418,326.084289550781,675.159545898438,150.054122924805,175.021667480469,113.022590637207,218.101577758789,286.088897705078,146.079925537109,88.0387954711914,367.156616210938,435.13947281,96.9585456,137.022415161133,93.0326538085938,175.022537231445,157.012329101562,167.01887512207,357.027923583984,124.013740539551,243.06037902832,289.063415527344,193.035140991211,261.025024414062,113.022445678711,194.044342041016,150.054336547852,93.0326232910156,164.069854736328,232.056655883789,147.043045043945,308.096771240234,170.043197631836,87.0068054199219,151.024337768555,219.011009216309,108.018775939941,194.044036865234,150.053329467773,100.002578735352,93.0326690673828,283.064971923828,351.050994873047,151.024536132812,174.039566040039,242.0244140625,130.049270629883,114.017875671387,159.064727783203,115.074104309082,97.0626029968262,173.079895019531,195.061416625977,111.078483581543,181.047912597656,249.035202026367,137.052944175,122.035194396973,165.052886962891,147.042633056641,308.075622558594,330.0550491,215.111846923828,131.080978393555,129.102081298828,191.0185546875,173.007598876953,111.007568359375,154.996124267578,192.064361572266,74.0228576660156,151.037628173828,219.025283813477,107.047737121582,137.023086547852,93.0337829589844,129.017120361328,85.0272674560547,173.007583618164,129.018020629883,85.0277633666992
"../Converted/U_RNEG_mzML/ALZ_RNEG_ToF03_U10W71_LTR.mzML",195.05012512207,391.111724853516,180.029067993164,137.023597717285,153.017036910017,135.005774883,109.027364565,153.019409179688,109.028038024902,187.098007202148,209.079490661621,125.096485137939,97.0629692077637,204.066467285156,186.054748535156,158.058471679688,142.063568115234,135.031799316406,92.024658203125,180.066108703613,248.051528930664,163.0375544,131.035232543945,199.019393920898,87.0445022583008,187.072937011719,169.057647705078,145.060646057129,127.050361633301,125.070217132568,326.084289550781,675.167602539062,150.056182861328,175.024261474609,113.022338867188,218.103622436523,286.089614868164,146.081100463867,88.0394058227539,367.152984619141,435.13947281,96.9586181640625,137.024139404297,93.0332870483398,175.023506164551,157.013862609863,167.018905639648,357.028686523438,124.013381958008,243.059951782227,289.063537597656,193.035140991211,261.025024414062,113.0224609375,194.045974731445,150.056701660156,93.0337181091309,164.071388244629,232.057067871094,147.043884277344,308.097534179688,170.04443359375,87.00669488,151.023895263672,219.011009216309,108.019588470459,194.046234130859,150.054489135742,100.003921508789,93.0333633422852,283.066589355469,351.052673339844,151.025268554688,174.041458129883,242.024765014648,130.05012512207,114.01636505127,159.06494140625,115.073883056641,97.0626029968262,173.08235168457,195.063705444336,111.078498840332,181.048217773438,249.036361694336,137.054214477539,122.033169475,165.054504394531,147.041297912598,308.075866699219,330.0550491,215.113014221191,131.081085205078,129.10221862793,191.019058227539,173.009567260742,111.008544921875,154.999114990234,192.065826416016,74.0228576660156,151.038726806641,219.024078369141,107.047775268555,137.023086547852,93.0337829589844,129.019096374512,85.0268363952637,173.009552001953,129.017402648926,85.0270385742188
"../Converted/U_RNEG_mzML/ALZ_RNEG_ToF03_U10W72_SR.mzML",195.049545288086,391.110290527344,180.025665283203,137.020980834961,153.017059326172,135.005798339844,109.027364565,153.017135620117,109.027442932129,187.094940185547,209.076782226562,125.096485137939,97.0625839233398,204.063949584961,186.054748535156,158.057952880859,142.063217163086,135.031799316406,92.024658203125,180.066108703613,248.050552368164,163.037582397461,131.033172607422,199.017395019531,87.0445022583008,187.06999206543,169.05876159668,145.058853149414,127.049095153809,125.069129943848,326.084289550781,675.159484863281,150.053756713867,175.021377563477,113.022956848145,218.100540161133,286.086090087891,146.079895019531,88.0388565063477,367.155242919922,435.13947281,96.9585456,137.022384643555,93.0326766967773,175.02229309082,157.011688232422,167.018569946289,357.028228759766,124.013473510742,243.059265136719,289.062896728516,193.032653808594,261.025024414062,113.0224609375,194.04248046875,150.053756713867,93.0337181091309,164.068832397461,232.057067871094,147.044494628906,308.095550537109,170.042785644531,87.00669488,151.023895263672,219.010284423828,108.018531799316,194.043167114258,150.053146362305,100.003921508789,93.0333633422852,283.064575195312,351.050842285156,151.023910522461,174.038375854492,242.023620605469,130.048141479492,114.016387939453,159.063934326172,115.073570251465,97.0626029968262,173.079406738281,195.061080932617,111.078399658203,181.046936035156,249.033599853516,137.052944175,122.033393859863,165.052734375,147.041351318359,308.074584960938,330.0550491,215.112411499023,131.081085205078,129.102813720703,191.016891479492,173.006484985352,111.008544921875,154.999114990234,192.0634765625,74.0228576660156,151.036926269531,219.023941040039,107.047454833984,137.02197265625,93.0337829589844,129.019096374512,85.0268363952637,173.006164550781,129.016540527344,85.0267333984375
"../Converted/U_RNEG_mzML/ALZ_RNEG_ToF03_U10W83_LTR.mzML",195.050247192383,391.110504150391,180.026580810547,137.021011352539,153.01708984375,135.005783081055,109.027404785156,153.017150878906,109.028038024902,187.095657348633,209.077163696289,125.095268249512,97.0629692077637,204.063751220703,186.054260253906,158.058334350586,142.063568115234,135.029220581055,92.0236587524414,180.064178466797,248.051498413086,163.037902832031,131.033081054688,199.018859863281,87.0445022583008,187.070510864258,169.058486938477,145.058975219727,127.050361633301,125.069435119629,326.084289550781,675.163269042969,150.053848266602,175.021682739258,113.022399902344,218.100952148438,286.088195800781,146.079864501953,88.0387649536133,367.156372070312,435.13947281,96.9585456,137.022415161133,93.0326156616211,175.02229309082,157.011779785156,167.019241333008,357.028961181641,124.013229370117,243.059921264648,289.063598632812,193.035140991211,261.025024414062,113.022590637207,194.0439453125,150.054000854492,93.0326156616211,164.068740844727,232.056579589844,147.043182373047,308.096466064453,170.043106079102,87.00669488,151.024429321289,219.010131835938,108.018402099609,194.043930053711,150.053497314453,100.002540588379,93.0326080322266,283.065521240234,351.050842285156,151.02392578125,174.039001464844,242.023559570312,130.048400878906,114.017295837402,159.06494140625,115.073440551758,97.0626029968262,173.079650878906,195.061462402344,111.078407287598,181.047180175781,249.035079956055,137.052944175,122.033500671387,165.052780151367,147.042083740234,308.074798583984,330.055267333984,215.11311340332,131.080429077148,129.102813720703,191.01789855957,173.006530761719,111.007064819336,154.996475219727,192.063873291016,74.0229187011719,151.037261962891,219.02424621582,107.047637939453,137.022277832031,93.0337829589844,129.017120361328,85.0268096923828,173.006912231445,129.017272949219,85.027214050293
"../Converted/U_RNEG_mzML/ALZ_RNEG_ToF03_U10W84_SR.mzML",195.05012512207,391.111541748047,180.027420043945,137.021621704102,153.017440795898,135.005996704102,109.027397155762,153.017364501953,109.027381896973,187.095718383789,209.076705932617,125.095321655273,97.0629692077637,204.065200805664,186.054229736328,158.058471679688,142.063369750977,135.029373168945,92.0236282348633,180.064239501953,248.051132202148,163.037658691406,131.033020019531,199.018585205078,87.0437164306641,187.070846557617,169.05891418457,145.059707641602,127.049430847168,125.070045471191,326.084289550781,675.159301757812,150.053955078125,175.021591186523,113.022674560547,218.101440429688,286.087036132812,146.079940795898,88.0387191772461,367.155792236328,435.13947281,96.9585456,137.022583007812,93.0328140258789,175.022369384766,157.012313842773,167.019317626953,357.029205322266,124.013259887695,243.059524536133,289.063812255859,193.033782958984,261.025024414062,113.022331237793,194.044067382812,150.054809570312,93.0327606201172,164.06916809082,232.056594848633,147.043182373047,308.096771240234,170.042999267578,87.0066986083984,151.024612426758,219.011009216309,108.018707275391,194.04443359375,150.053604125977,100.002555847168,93.0328674316406,283.065612792969,351.050598144531,151.024200439453,174.039138793945,242.024795532227,130.048309326172,114.017364501953,159.064636230469,115.073883056641,97.0626029968262,173.079681396484,195.061584472656,111.078704833984,181.046981811523,249.03450012207,137.053131103516,122.034561157227,165.053466796875,147.040954589844,308.075134277344,330.060516357422,215.113082885742,131.080780029297,129.102081298828,191.01806640625,173.007400512695,111.007354736328,154.999114990234,192.06462097168,74.022705078125,151.036987304688,219.025726318359,107.047431945801,137.022018432617,93.0337829589844,129.017288208008,85.0270843505859,173.007369995117,129.017623901367,85.0274429321289
"../Converted/U_RNEG_mzML/ALZ_RNEG_ToF03_U10W95_LTR.mzML",195.04997253418,391.111053466797,180.027526855469,137.021621704102,153.017562866211,135.00634765625,109.027435302734,153.017227172852,109.028038024902,187.096054077148,209.077651977539,125.095436096191,97.0634231567383,204.064971923828,186.054733276367,158.057907104492,142.063186645508,135.029510498047,92.0236663818359,180.064544677734,248.051834106445,163.038558959961,131.033111572266,199.019165039062,87.0437393188477,187.070571899414,169.059371948242,145.059585571289,127.049308776855,125.070175170898,326.084289550781,675.161499023438,150.054122924805,175.022445678711,113.022804260254,218.10188293457,286.086120605469,146.080291748047,88.0388412475586,367.157073974609,435.13947281,96.9585456,137.022644042969,93.0332870483398,175.022613525391,157.012069702148,167.019515991211,357.028503417969,124.013381958008,243.059616088867,289.063354492188,193.035140991211,261.025024414062,113.0224609375,194.044906616211,150.054946899414,93.0328903198242,164.069549560547,232.056686401367,147.043029785156,308.096282958984,170.042541503906,87.0068435668945,151.025039672852,219.011627197266,108.018417358398,194.044738769531,150.053985595703,100.002555847168,93.0327072143555,283.065124511719,351.050628662109,151.024002075195,174.039108276367,242.024887084961,130.04850769043,114.016815185547,159.06494140625,115.074851989746,97.0626029968262,173.079895019531,195.062149047852,111.078895568848,181.048187255859,249.036010742188,137.052944175,122.035079956055,165.053253173828,147.041297912598,308.0732421875,330.055297851562,215.113052368164,131.080368041992,129.102279663086,191.018264770508,173.007263183594,111.007453918457,154.996871948242,192.06428527832,74.0228576660156,151.038558959961,219.024398803711,107.047775268555,137.021987915039,93.0337829589844,129.017791748047,85.0273056030273,173.00749206543,129.017852783203,85.0279541015625
"../Converted/U_RNEG_mzML/ALZ_RNEG_ToF03_U10W96_SR.mzML",195.05012512207,391.110900878906,180.027282714844,137.021835327148,153.017440795898,135.005774883,109.027435302734,153.017349243164,109.027496337891,187.096099853516,209.077102661133,125.095207214355,97.0637283325195,204.064590454102,186.054336547852,158.05778503418,142.06298828125,135.029693603516,92.0236434936523,180.06413269043,248.050628662109,163.03791809082,131.033309936523,199.018127441406,87.0437164306641,187.070495605469,169.059494018555,145.059127807617,127.049110412598,125.07006072998,326.084289550781,675.163818359375,150.05419921875,175.022201538086,113.02262878418,218.101379394531,286.088195800781,146.079833984375,88.0388107299805,367.156341552734,435.13947281,96.9585456,137.02278137207,93.0326080322266,175.022338867188,157.012649536133,167.019271850586,357.029876708984,124.013557434082,243.059677124023,289.063537597656,193.033874511719,261.025024414062,113.022415161133,194.04328918457,150.054885864258,93.0327606201172,164.069702148438,232.056549072266,147.043182373047,308.095275878906,170.043731689453,87.0068054199219,151.025100708008,219.010452270508,108.018890380859,194.044219970703,150.054046630859,100.002510070801,93.0326614379883,283.065460205078,351.051086425781,151.023971557617,174.039016723633,242.024032592773,130.048568725586,114.017219543457,159.064727783203,115.073692321777,97.0626029968262,173.080062866211,195.062271118164,111.079284667969,181.048690795898,249.034149169922,137.053375244141,122.034378051758,165.05354309082,147.042144775391,308.074890136719,330.056671142578,215.112579345703,131.080169677734,129.102142333984,191.018127441406,173.007019042969,111.007331848145,154.996536254883,192.06462097168,74.0228576660156,151.038177490234,219.023361206055,107.047775268555,137.022659301758,93.0337829589844,129.017730712891,85.0273590087891,173.007934570312,129.017532348633,85.0278930664062
"../Converted/U_RNEG_mzML/ALZ_RNEG_ToF03_U11W11_LTR.mzML",195.050933837891,391.11181640625,180.027694702148,137.021530151367,153.017807006836,135.006072998047,109.028038024902,153.017852783203,109.028038024902,187.09635925293,209.077621459961,125.095169067383,97.0629692077637,204.065093994141,186.054885864258,158.057739257812,142.063079833984,135.029403686523,92.0238800048828,180.065139770508,248.051620483398,163.037750244141,131.033172607422,199.017822265625,87.0438003540039,187.070846557617,169.06037902832,145.060256958008,127.049964904785,125.06941986084,326.084289550781,675.161193847656,150.054885864258,175.023345947266,113.022308349609,218.102310180664,286.087371826172,146.080215454102,88.0391387939453,367.157104492188,435.13947281,96.9585456,137.022659301758,93.0327377319336,175.022186279297,157.012359619141,167.018905639648,357.027770996094,124.013275146484,243.059936523438,289.063201904297,193.03401184082,261.025024414062,113.022468566895,194.045425415039,150.054443359375,93.0334777832031,164.070251464844,232.056594848633,147.043090820312,308.096893310547,170.043182373047,87.00669488,151.025024414062,219.01025390625,108.018646240234,194.044982910156,150.053665161133,100.002548217773,93.0328750610352,283.066223144531,351.052337646484,151.024642944336,174.039749145508,242.024429321289,130.049331665039,114.016525268555,159.06494140625,115.07332611084,97.0626029968262,173.080657958984,195.062591552734,111.078689575195,181.048629760742,249.036346435547,137.052944175,122.035331726074,165.053985595703,147.041030883789,308.076324462891,330.0634765625,215.11393737793,131.080841064453,129.102264404297,191.018661499023,173.008270263672,111.007797241211,154.997344970703,192.064743041992,74.0226669311523,151.038940429688,219.02604675293,107.047775268555,137.022827148438,93.0337829589844,129.017791748047,85.0268363952637,173.008163452148,129.018295288086,85.0283050537109
"../Converted/U_RNEG_mzML/ALZ_RNEG_ToF03_U11W12_SR.mzML",195.05012512207,391.109924316406,180.027633666992,137.022705078125,153.018112182617,135.006729125977,109.027847290039,153.018173217773,109.028053283691,187.096725463867,209.077697753906,125.095741271973,97.0629692077637,204.065780639648,186.054779052734,158.059768676758,142.062896728516,135.029937744141,92.0241088867188,180.064910888672,248.051452636719,163.037704467773,131.033996582031,199.01887512207,87.0437088012695,187.072128295898,169.060485839844,145.059753417969,127.050720214844,125.070571899414,326.084289550781,675.158081054688,150.054779052734,175.022903442383,113.022308349609,218.101959228516,286.086273193359,146.080307006836,88.039192199707,367.155395507812,435.13947281,96.9585456,137.023239135742,93.0327987670898,175.023651123047,157.01350402832,167.018905639648,357.029022216797,124.014060974121,243.058700561523,289.063293457031,193.035171508789,261.025024414062,113.023376464844,194.044906616211,150.055328369141,93.0332489013672,164.07096862793,232.056655883789,147.04296875,308.097595214844,170.04248046875,87.0074844360352,151.025451660156,219.010864257812,108.018676757812,194.045181274414,150.054992675781,100.002952575684,93.0337295532227,283.065826416016,351.053619384766,151.024353027344,174.040466308594,242.024826049805,130.04866027832,114.016654968262,159.06559753418,115.074813842773,97.0626029968262,173.080657958984,195.062393188477,111.079406738281,181.047943115234,249.033767700195,137.052944175,122.035774230957,165.054122924805,147.042266845703,308.076385498047,330.056243896484,215.112213134766,131.080902099609,129.102386474609,191.019058227539,173.008392333984,111.008255004883,154.998199462891,192.065032958984,74.0232086181641,151.038589477539,219.024505615234,107.047775268555,137.022018432617,93.0337829589844,129.018341064453,85.0268249511719,173.008056640625,129.01872253418,85.0285415649414
"../Converted/U_RNEG_mzML/ALZ_RNEG_ToF03_U11W23_LTR.mzML",195.050918579102,391.111328125,180.02783203125,137.022811889648,153.018569946289,135.005813598633,109.028076171875,153.018692016602,109.028038024902,187.096862792969,209.078903198242,125.096183776855,97.0629692077637,204.064849853516,186.054595947266,158.058990478516,142.063659667969,135.031127929688,92.0240325927734,180.065414428711,248.051055908203,163.039505004883,131.034378051758,199.020080566406,87.0442886352539,187.072158813477,169.060745239258,145.060653686523,127.050025939941,125.070518493652,326.084289550781,675.161376953125,150.055526733398,175.023681640625,113.022926330566,218.10270690918,286.088317871094,146.080871582031,88.0398864746094,367.157928466797,435.13947281,96.9585456,137.02294921875,93.0334930419922,175.023086547852,157.011993408203,167.018905639648,357.029541015625,124.014190673828,243.0595703125,289.062774658203,193.035140991211,261.025024414062,113.0224609375,194.045013427734,150.055709838867,93.0334243774414,164.070663452148,232.056579589844,147.043411254883,308.097534179688,170.042831420898,87.00669488,151.026168823242,219.011383056641,108.019599914551,194.045501708984,150.053314208984,100.003631591797,93.0338287353516,283.066986083984,351.052764892578,151.024612426758,174.04084777832,242.023864746094,130.050537109375,114.017501831055,159.06494140625,115.075096130371,97.0626029968262,173.081344604492,195.06266784668,111.080154418945,181.048217773438,249.036102294922,137.053359985352,122.033169475,165.054306030273,147.041381835938,308.076141357422,330.059661865234,215.113159179688,131.082244873047,129.102523803711,191.01969909668,173.008911132812,111.007049560547,154.998413085938,192.065368652344,74.0228271484375,151.039474487305,219.025787353516,107.049392700195,137.02311706543,93.0337829589844,129.018142700195,85.0268363952637,173.008819580078,129.019287109375,85.02672458
"../Converted/U_RNEG_mzML/ALZ_RNEG_ToF03_U11W24_SR.mzML",195.05012512207,391.111968994141,180.028427124023,137.022979736328,153.01904296875,135.006439208984,109.027931213379,153.018341064453,109.027992248535,187.097747802734,209.079696655273,125.095764160156,97.0629692077637,204.065414428711,186.054840087891,158.060958862305,142.064987182617,135.031478881836,92.0245056152344,180.065826416016,248.052169799805,163.037872314453,131.035217285156,199.020614624023,87.0447463989258,187.072525024414,169.060211181641,145.060455322266,127.049812316895,125.071334838867,326.086364746094,675.157592773438,150.055633544922,175.022537231445,113.02262878418,218.103744506836,286.090148925781,146.079925537109,88.0395965576172,367.157745361328,435.13947281,96.9585456,137.024032592773,93.0341033935547,175.024017333984,157.013809204102,167.018905639648,357.028228759766,124.013328552246,243.058792114258,289.063537597656,193.035293579102,261.025024414062,113.024185180664,194.045944213867,150.056045532227,93.0337753295898,164.071502685547,232.057067871094,147.043182373047,308.097015380859,170.042724609375,87.0078659057617,151.026397705078,219.012435913086,108.020172119141,194.046096801758,150.055252075195,100.003364562988,93.0344467163086,283.067687988281,351.049957275391,151.024917602539,174.040664672852,242.025543212891,130.049392700195,114.01708984375,159.066513061523,115.074890136719,97.0651626586914,173.081466674805,195.061767578125,111.079010009766,181.048980712891,249.033905029297,137.052944175,122.033169475,165.054046630859,147.041137695312,308.075653076172,330.059143066406,215.114196777344,131.080123901367,129.10237121582,191.019058227539,173.009140014648,111.008682250977,154.998626708984,192.064651489258,74.0228576660156,151.039611816406,219.023559570312,107.049873352051,137.022644042969,93.0337829589844,129.01887512207,85.0268363952637,173.009048461914,129.019668579102,85.0270385742188
"../Converted/U_RNEG_mzML/ALZ_RNEG_ToF03_U11W35_LTR.mzML",195.049835205078,391.111633300781,180.028762817383,137.023345947266,153.018890380859,135.006500244141,109.027877807617,153.018356323242,109.028038024902,187.098007202148,209.078994750977,125.095550537109,97.0627670288086,204.066268920898,186.054458618164,158.057769775391,142.063537597656,135.031494140625,92.0251541137695,180.066345214844,248.05290222168,163.03955078125,131.035003662109,199.020645141602,87.0447387695312,187.072692871094,169.061233520508,145.059234619141,127.049369812012,125.072044372559,326.084289550781,675.163269042969,150.056289672852,175.024017333984,113.022438049316,218.103240966797,286.089233398438,146.082061767578,88.0392303466797,367.157684326172,435.13947281,96.9585456,137.024124145508,93.0329818725586,175.023513793945,157.012283325195,167.018905639648,357.030883789062,124.013702392578,243.058731079102,289.065002441406,193.035140991211,261.025024414062,113.0224609375,194.045867919922,150.05615234375,93.0332565307617,164.071441650391,232.0576171875,147.043167114258,308.096160888672,170.045028686523,87.00669488,151.026641845703,219.012496948242,108.020484924316,194.045913696289,150.052749633789,100.003799438477,93.0344467163086,283.067199707031,351.054351806641,151.024520874023,174.041091918945,242.02375793457,130.050964355469,114.016773223877,159.06494140625,115.074424743652,97.0626029968262,173.081939697266,195.063171386719,111.080986022949,181.049423217773,249.036834716797,137.052944175,122.033462524414,165.053985595703,147.041534423828,308.076446533203,330.055267333984,215.113510131836,131.082336425781,129.102813720703,191.01985168457,173.009262084961,111.008224487305,154.998733520508,192.066436767578,74.0231399536133,151.03971862793,219.025665283203,107.047394265,137.023330688477,93.0337829589844,129.019096374512,85.0269622802734,173.009323120117,129.01606473,85.02672458
"../Converted/U_RNEG_mzML/ALZ_RNEG_ToF03_U11W36_SR.mzML",195.05012512207,391.111480712891,180.028930664062,137.021865844727,153.018844604492,135.005813598633,109.027763366699,153.018188476562,109.027450561523,187.097213745117,209.078521728516,125.095603942871,97.0645217895508,204.066207885742,186.055236816406,158.059066772461,142.063400268555,135.031539916992,92.0245056152344,180.066055297852,248.052719116211,163.037857055664,131.034942626953,199.020935058594,87.0437850952148,187.072113037109,169.06005859375,145.060974121094,127.049911499023,125.071380615234,326.084289550781,675.157653808594,150.05598449707,175.024368286133,113.022613525391,218.102645874023,286.089477539062,146.080017089844,88.0396118164062,367.156372070312,435.13947281,96.9585456,137.02360534668,93.0334701538086,175.024826049805,157.014389038086,167.018905639648,357.027374267578,124.01318359375,243.06071472168,289.064514160156,193.035415649414,261.025024414062,113.023612976074,194.046081542969,150.056076049805,93.0343551635742,164.071411132812,232.057769775391,147.043182373047,308.097473144531,170.045043945312,87.0083312988281,151.026351928711,219.011123657227,108.019203186035,194.045944213867,150.055236816406,100.00382232666,93.0342178344727,283.066009521484,351.052001953125,151.024185180664,174.04069519043,242.025848388672,130.04866027832,114.016773223877,159.066146850586,115.073921203613,97.062858581543,173.081436157227,195.062728881836,111.07837677002,181.046951293945,249.033828735352,137.053100585938,122.033169475,165.05290222168,147.041122436523,308.07373046875,330.0550491,215.112197875977,131.08186340332,129.102249145508,191.019058227539,173.009078979492,111.007919311523,154.998779296875,192.065719604492,74.0237274169922,151.039611816406,219.027328491211,107.048072814941,137.02278137207,93.0337829589844,129.019195556641,85.0268363952637,173.009246826172,129.019638061523,85.02672458
"../Converted/U_RNEG_mzML/ALZ_RNEG_ToF03_U11W47_LTR.mzML",195.051116943359,391.111694335938,180.028594970703,137.022796630859,153.018951416016,135.005905151367,109.027870178223,153.018203735352,109.028038024902,187.097457885742,209.078033447266,125.096549987793,97.0635757446289,204.065719604492,186.054428100586,158.059417724609,142.064117431641,135.031265258789,92.0243606567383,180.06559753418,248.053009033203,163.038604736328,131.034957885742,199.018432617188,87.0440292358398,187.072463989258,169.061157226562,145.060623168945,127.050109863281,125.069625854492,326.084289550781,675.162475585938,150.05500793457,175.024291992188,113.022323608398,218.10319519043,286.088775634766,146.079833984375,88.0396575927734,367.158569335938,435.13947281,96.9585456,137.023666381836,93.033576965332,175.023773193359,157.013565063477,167.018905639648,357.027282714844,124.013847351074,243.059051513672,289.064086914062,193.035140991211,261.025024414062,113.022483825684,194.045867919922,150.055862426758,93.0339584350586,164.071395874023,232.057357788086,147.043563842773,308.097717285156,170.042572021484,87.00669488,151.025894165039,219.011627197266,108.019256591797,194.045623779297,150.053527832031,100.003616333008,93.0335388183594,283.067291259766,351.054534912109,151.025695800781,174.040771484375,242.024429321289,130.050354003906,114.018905639648,159.06494140625,115.075782775879,97.0626373291016,173.081192016602,195.063400268555,111.078903198242,181.049224853516,249.036819458008,137.052944175,122.033569335938,165.054763793945,147.041091918945,308.074493408203,330.055938720703,215.113708496094,131.080978393555,129.103378295898,191.019439697266,173.008773803711,111.008323669434,154.998397827148,192.066116333008,74.0241165161133,151.040008544922,219.026550292969,107.047394265,137.022277832031,93.0337829589844,129.019096374512,85.0268363952637,173.008941650391,129.019424438477,85.0270385742188
"../Converted/U_RNEG_mzML/ALZ_RNEG_ToF03_U11W48_SR.mzML",195.05012512207,391.111114501953,180.028717041016,137.023376464844,153.018920898438,135.007019042969,109.027931213379,153.018966674805,109.028266906738,187.097549438477,209.078948974609,125.095405578613,97.0629692077637,204.066421508789,186.055053710938,158.058227539062,142.064483642578,135.03076171875,92.0251159667969,180.065582275391,248.052322387695,163.037841796875,131.034896850586,199.020965576172,87.0440902709961,187.072463989258,169.061279296875,145.059646606445,127.050468444824,125.070610046387,326.084289550781,675.161437988281,150.055160522461,175.024307250977,113.022506713867,218.102798461914,286.087066650391,146.081451416016,88.0399703979492,367.157409667969,435.13947281,96.9585456,137.024154663086,93.0337905883789,175.024200439453,157.013778686523,167.01921081543,357.02978515625,124.013725280762,243.058959960938,289.063049316406,193.035354614258,261.025024414062,113.023101806641,194.045974731445,150.05615234375,93.0337829589844,164.070755004883,232.057388305664,147.043182373047,308.097198486328,170.042694091797,87.0076446533203,151.025909423828,219.012359619141,108.019271850586,194.04573059082,150.054321289062,100.002708435059,93.034294128418,283.065612792969,351.052398681641,151.026138305664,174.040496826172,242.024765014648,130.050201416016,114.018737792969,159.065902709961,115.076011657715,97.0626029968262,173.08171081543,195.063018798828,111.078498840332,181.048873901367,249.035552978516,137.052944175,122.033169475,165.052734375,147.04167175293,308.075073242188,330.056549072266,215.114624023438,131.081771850586,129.102447509766,191.019058227539,173.008865356445,111.008628845215,154.998260498047,192.063354492188,74.0236358642578,151.039443969727,219.024627685547,107.048545837402,137.022674560547,93.0337829589844,129.019180297852,85.0268363952637,173.008529663086,129.019180297852,85.0270385742188
"../Converted/U_RNEG_mzML/ALZ_RNEG_ToF03_U11W59_LTR.mzML",195.051712036133,391.110717773438,180.026596069336,137.02311706543,153.018814086914,135.005996704102,109.027364565,153.018020629883,109.028739929199,187.097854614258,209.078903198242,125.096069335938,97.0629692077637,204.066314697266,186.054748535156,158.059127807617,142.062942504883,135.03108215332,92.0245666503906,180.065811157227,248.052429199219,163.038986206055,131.035064697266,199.017730712891,87.0444030761719,187.072036743164,169.061645507812,145.059326171875,127.050659179688,125.069786071777,326.084289550781,675.160888671875,150.055160522461,175.023498535156,113.02269744873,218.102615356445,286.089019775391,146.080291748047,88.0398101806641,367.15771484375,435.13947281,96.9585456,137.023254394531,93.03271484375,175.022903442383,157.012741088867,167.018905639648,357.030242919922,124.014205932617,243.060455322266,289.063812255859,193.035140991211,261.025024414062,113.022880554199,194.045501708984,150.055801391602,93.0342712402344,164.071243286133,232.056991577148,147.042892456055,308.097686767578,170.042861938477,87.00669488,151.025573730469,219.011871337891,108.018951416016,194.045394897461,150.053207397461,100.003684997559,93.0336532592773,283.066650390625,351.051574707031,151.025283813477,174.040679931641,242.025299072266,130.048446655273,114.016773223877,159.06494140625,115.07600402832,97.0626029968262,173.081695556641,195.063354492188,111.079330444336,181.048538208008,249.034133911133,137.053085327148,122.033169475,165.052963256836,147.041297912598,308.074493408203,330.0550491,215.113555908203,131.080703735352,129.102951049805,191.01969909668,173.008926391602,111.008346557617,154.99836730957,192.064346313477,74.0236282348633,151.039581298828,219.023971557617,107.049537658691,137.02360534668,93.0337829589844,129.018371582031,85.0268363952637,173.00895690918,129.019180297852,85.0270385742188
"../Converted/U_RNEG_mzML/ALZ_RNEG_ToF03_U11W60_SR.mzML",195.05012512207,391.111724853516,180.028884887695,137.023208618164,153.019134521484,135.007110595703,109.028709411621,153.018218994141,109.028518676758,187.097183227539,209.07844543457,125.096397399902,97.0633239746094,204.066467285156,186.055023193359,158.058670043945,142.062911987305,135.031188964844,92.0240325927734,180.066055297852,248.050476074219,163.039703369141,131.034881591797,199.018753051758,87.0441818237305,187.072235107422,169.061553955078,145.060729980469,127.05086517334,125.071868896484,326.084289550781,675.162475585938,150.055526733398,175.021530151367,113.022956848145,218.102676391602,286.088470458984,146.080657958984,88.0395660400391,367.154357910156,435.13947281,96.9585456,137.023986816406,93.0336151123047,175.024719238281,157.01432800293,167.019165039062,357.02978515625,124.014419555664,243.060745239258,289.063629150391,193.035140991211,261.025024414062,113.023445129395,194.046051025391,150.056274414062,93.0343856811523,164.071212768555,232.057571411133,147.043182373047,308.097198486328,170.044555664062,87.0077056884766,151.026107788086,219.012451171875,108.020278930664,194.045608520508,150.053634643555,100.003982543945,93.0336990356445,283.065399169922,351.052398681641,151.024826049805,174.041000366211,242.0234375,130.05061340332,114.017448425293,159.066329956055,115.075843811035,97.0626029968262,173.081939697266,195.062149047852,111.078498840332,181.048522949219,249.035705566406,137.053207397461,122.033897399902,165.054107666016,147.041320800781,308.076690673828,330.055450439453,215.112274169922,131.08088684082,129.103530883789,191.019454956055,173.008987426758,111.008918762207,154.996963500977,192.065612792969,74.0234756469727,151.039123535156,219.026702880859,107.048179626465,137.024063110352,93.0337829589844,129.018585205078,85.0268363952637,173.00927734375,129.01872253418,85.0270385742188
"../Converted/U_RNEG_mzML/ALZ_RNEG_ToF03_U11W71_LTR.mzML",195.051132202148,391.111938476562,180.026153564453,137.023574829102,153.018859863281,135.006210327148,109.028343200684,153.018753051758,109.028038024902,187.097549438477,209.07861328125,125.096725463867,97.0631713867188,204.066604614258,186.054733276367,158.058990478516,142.063583374023,135.031234741211,92.0237655639648,180.065856933594,248.052734375,163.039123535156,131.033081054688,199.019683837891,87.0443954467773,187.072860717773,169.059371948242,145.060440063477,127.050216674805,125.06982421875,326.084289550781,675.161499023438,150.055221557617,175.024215698242,113.023651123047,218.103454589844,286.090179443359,146.081085205078,88.0390472412109,367.157653808594,435.13947281,96.9585456,137.023300170898,93.0328521728516,175.024032592773,157.01252746582,167.018905639648,357.028778076172,124.014663696289,243.061126708984,289.064086914062,193.035140991211,261.025024414062,113.022621154785,194.046279907227,150.05632019043,93.0338287353516,164.070297241211,232.057876586914,147.043182373047,308.097869873047,170.043991088867,87.00669488,151.026275634766,219.012634277344,108.019157409668,194.045867919922,150.055892944336,100.003089904785,93.0345611572266,283.064575195312,351.052093505859,151.02555847168,174.04118347168,242.024551391602,130.050811767578,114.016773223877,159.06494140625,115.073883056641,97.0626029968262,173.081924438477,195.062973022461,111.080039978027,181.048980712891,249.033554077148,137.053329467773,122.033462524414,165.054336547852,147.041297912598,308.077087402344,330.055114746094,215.113571166992,131.081497192383,129.103454589844,191.020202636719,173.009185791016,111.00902557373,154.999084472656,192.066009521484,74.022819519043,151.037063598633,219.025268554688,107.047394265,137.02409362793,93.0337829589844,129.019096374512,85.0282287597656,173.008331298828,129.019393920898,85.0270385742188
"../Converted/U_RNEG_mzML/ALZ_RNEG_ToF03_U11W72_SR.mzML",195.05012512207,391.111053466797,180.02815246582,137.022842407227,153.018524169922,135.005783081055,109.027610778809,153.017486572266,109.027610778809,187.09700012207,209.078140258789,125.096649169922,97.0636749267578,204.065063476562,186.054641723633,158.058471679688,142.063583374023,135.030807495117,92.0240936279297,180.065322875977,248.052154541016,163.038528442383,131.034561157227,199.018035888672,87.0446319580078,187.072158813477,169.061050415039,145.059829711914,127.04923248291,125.071517944336,326.084289550781,675.158142089844,150.054504394531,175.023574829102,113.022941589355,218.102630615234,286.086700439453,146.081527709961,88.0394058227539,367.156280517578,435.13947281,96.9585456,137.023971557617,93.0326843261719,175.02409362793,157.013534545898,167.018905639648,357.028076171875,124.013343811035,243.058670043945,289.063537597656,193.035140991211,261.025024414062,113.023803710938,194.044418334961,150.055648803711,93.0337524414062,164.070724487305,232.057189941406,147.043106079102,308.097595214844,170.043243408203,87.0068893432617,151.025863647461,219.012100219727,108.018486022949,194.045181274414,150.054641723633,100.00350189209,93.0338745117188,283.066223144531,351.050415039062,151.025924682617,174.040435791016,242.025482177734,130.049575805664,114.01887512207,159.065963745117,115.075569152832,97.0626029968262,173.081634521484,195.062637329102,111.079963684082,181.04719543457,249.036560058594,137.052944175,122.034423828125,165.054580688477,147.041107177734,308.07470703125,330.056945800781,215.111999511719,131.080612182617,129.102447509766,191.019226074219,173.008407592773,111.008628845215,154.998168945312,192.065383911133,74.0228576660156,151.037582397461,219.025634765625,107.047775268555,137.022567749023,93.0337829589844,129.018188476562,85.0268363952637,173.008666992188,129.018478393555,85.0289535522461
"../Converted/U_RNEG_mzML/ALZ_RNEG_ToF03_U11W83_LTR.mzML",195.051040649414,391.106964111328,180.027328491211,137.021820068359,153.017791748047,135.006332397461,109.027793884277,153.017883300781,109.028038024902,187.096649169922,209.078323364258,125.095367431641,97.0629692077637,204.064498901367,186.054550170898,158.057998657227,142.063598632812,135.030014038086,92.023796081543,180.065017700195,248.051956176758,163.039123535156,131.033752441406,199.019500732422,87.0437316894531,187.071655273438,169.060562133789,145.059692382812,127.049240112305,125.069686889648,326.084289550781,675.156799316406,150.054458618164,175.022994995117,113.022499084473,218.102249145508,286.088836669922,146.080200195312,88.0387191772461,367.157348632812,435.13947281,96.9585456,137.022537231445,93.033088684082,175.022232055664,157.012741088867,167.018905639648,357.029479980469,124.013175964355,243.059356689453,289.062927246094,193.035140991211,261.025024414062,113.022590637207,194.045104980469,150.054977416992,93.0327529907227,164.070053100586,232.057022094727,147.043182373047,308.096038818359,170.044174194336,87.00669488,151.025482177734,219.011611938477,108.018951416016,194.044586181641,150.054321289062,100.00284576416,93.0333404541016,283.065765380859,351.050720214844,151.024139404297,174.039962768555,242.023895263672,130.049270629883,114.017860412598,159.06494140625,115.07413482666,97.0626029968262,173.080718994141,195.061294555664,111.079574584961,181.047714233398,249.034866333008,137.053558349609,122.034042358398,165.052947998047,147.041641235352,308.074981689453,330.062194824219,215.112396240234,131.080383300781,129.102142333984,191.018600463867,173.007736206055,111.007759094238,154.997222900391,192.06364440918,74.0228576660156,151.038650512695,219.024047851562,107.048530578613,137.022186279297,93.0337829589844,129.017211914062,85.0268363952637,173.007339477539,129.018478393555,85.0284194946289
"../Converted/U_RNEG_mzML/ALZ_RNEG_ToF03_U11W84_SR.mzML",195.05012512207,391.111724853516,180.027633666992,137.022186279297,153.017486572266,135.005774883,109.027526855469,153.017959594727,109.027717590332,187.096496582031,209.077880859375,125.095199584961,97.0628128051758,204.06477355957,186.054244995117,158.058364868164,142.063598632812,135.030258178711,92.023681640625,180.064697265625,248.050674438477,163.038208007812,131.033752441406,199.017379760742,87.0439987182617,187.071685791016,169.059494018555,145.059982299805,127.04972076416,125.071144104004,326.084289550781,675.162048339844,150.054992675781,175.023239135742,113.022323608398,218.102005004883,286.088531494141,146.080627441406,88.0387802124023,367.156005859375,435.13947281,96.9585456,137.02311706543,93.03271484375,175.022994995117,157.012802124023,167.018905639648,357.027404785156,124.013786315918,243.0595703125,289.063751220703,193.034713745117,261.025024414062,113.0224609375,194.043258666992,150.054763793945,93.0329666137695,164.069641113281,232.056854248047,147.043182373047,308.097106933594,170.044128417969,87.0067367553711,151.024993896484,219.011795043945,108.018905639648,194.04460144043,150.052963256836,100.002647399902,93.032844543457,283.064575195312,351.053375244141,151.02375793457,174.039993286133,242.023971557617,130.049423217773,114.017868041992,159.06462097168,115.074821472168,97.0625686645508,173.080612182617,195.061645507812,111.078437805176,181.047332763672,249.035293579102,137.053924560547,122.034461975098,165.053497314453,147.042877197266,308.074798583984,330.0550491,215.11376953125,131.080535888672,129.102416992188,191.01904296875,173.008056640625,111.007469177246,154.997848510742,192.064788818359,74.0227890014648,151.037612915039,219.024444580078,107.048431396484,137.022415161133,93.0337829589844,129.018188476562,85.0274200439453,173.008056640625,129.018432617188,85.0274505615234
"../Converted/U_RNEG_mzML/ALZ_RNEG_ToF03_U11W95_LTR.mzML",195.049880981445,391.111358642578,180.027816772461,137.022491455078,153.017883300781,135.006088256836,109.027763366699,153.018142700195,109.027740478516,187.09684753418,209.077941894531,125.095642089844,97.0629692077637,204.065032958984,186.054321289062,158.058349609375,142.063568115234,135.029281616211,92.0238494873047,180.064559936523,248.050643920898,163.037689208984,131.033996582031,199.018295288086,87.0437393188477,187.071411132812,169.058319091797,145.0595703125,127.049423217773,125.070526123047,326.084289550781,675.162475585938,150.054656982422,175.023071289062,113.022644042969,218.101821899414,286.088195800781,146.081024169922,88.0389633178711,367.156646728516,435.13947281,96.9585456,137.022842407227,93.0328826904297,175.023010253906,157.01220703125,167.01985168457,357.027893066406,124.01326751709,243.060089111328,289.062805175781,193.035140991211,261.025024414062,113.022529602051,194.044494628906,150.054809570312,93.0332260131836,164.068893432617,232.056838989258,147.043212890625,308.096038818359,170.04328918457,87.00669488,151.024856567383,219.011917114258,108.019233703613,194.044326782227,150.054214477539,100.002700805664,93.0329055786133,283.064788818359,351.052612304688,151.024032592773,174.039764404297,242.025009155273,130.049209594727,114.017860412598,159.06494140625,115.074089050293,97.0626029968262,173.080932617188,195.061767578125,111.07844543457,181.048538208008,249.035842895508,137.052944175,122.035217285156,165.052993774414,147.041290283203,308.073822021484,330.060974121094,215.112197875977,131.080490112305,129.102066040039,191.018493652344,173.007568359375,111.007247924805,154.997268676758,192.06462097168,74.0236282348633,151.038848876953,219.025299072266,107.047775268555,137.022216796875,93.0337829589844,129.017684936523,85.027229309082,173.007705688477,129.017974853516,85.0281829833984
"../Converted/U_RNEG_mzML/ALZ_RNEG_ToF03_U11W96_SR.mzML",195.050231933594,391.1103515625,180.027450561523,137.021209716797,153.017395019531,135.006423950195,109.027473449707,153.017196655273,109.027954101562,187.095718383789,209.077133178711,125.095626831055,97.0630798339844,204.065200805664,186.054275512695,158.057769775391,142.063613891602,135.030258178711,92.0236511230469,180.064376831055,248.05110168457,163.038269042969,131.033508300781,199.017883300781,87.0437164306641,187.071487426758,169.060485839844,145.059341430664,127.049362182617,125.070304870605,326.084289550781,675.162231445312,150.054382324219,175.021942138672,113.022407531738,218.10173034668,286.087707519531,146.079956054688,88.0387802124023,367.154205322266,435.13947281,96.9585456,137.022903442383,93.0329284667969,175.02311706543,157.012451171875,167.018905639648,357.029510498047,124.013473510742,243.059951782227,289.063537597656,193.034210205078,261.025024414062,113.023567199707,194.042770385742,150.054672241211,93.0326461791992,164.069793701172,232.056594848633,147.042892456055,308.097137451172,170.043655395508,87.0070724487305,151.024917602539,219.011642456055,108.018585205078,194.044189453125,150.053787231445,100.002571105957,93.0328903198242,283.064666748047,351.052215576172,151.024124145508,174.039703369141,242.024291992188,130.048919677734,114.018089294434,159.06494140625,115.074424743652,97.0626029968262,173.079925537109,195.061462402344,111.078483581543,181.047882080078,249.033660888672,137.05339050293,122.033813476562,165.053375244141,147.042144775391,308.075347900391,330.0550491,215.112884521484,131.080139160156,129.102508544922,191.018051147461,173.007751464844,111.007705688477,154.997192382812,192.063598632812,74.0228576660156,151.038177490234,219.023864746094,107.047554016113,137.022354125977,93.0337829589844,129.017990112305,85.0272750854492,173.007995605469,129.018218994141,85.0279235839844
